0.000000
0.000000
0.000000
0.000000
0.000000
0.000000
0.000000
0.000000
0.000000
0.000000
0.000000
0.000000
0.000000
0.000000
0.000000
0.000000
0.000000
0.000000
0.000000
0.000000
0.000000
0.000000
0.000000
0.000000
0.000000
0.000000
0.000000
0.000000
0.000000
0.000000
0.000000
0.000000
0.000000
0.000000
0.000000
0.000000
0.000000
0.000000
0.000000
0.000000
0.000000
0.000000
0.000000
0.000000
0.000000
0.000000
0.000000
0.000000
0.000000
0.000000
0.000000
0.000000
0.000000
0.000000
0.000000
0.000000
0.000000
0.000000
0.000000
0.000000
0.000000
0.000000
0.030934
0.062147
0.062638
0.062251
0.062128
0.092808
0.124420
0.123854
0.125656
0.124494
0.123706
0.124434
0.124361
0.124277
0.125284
0.123752
0.124210
0.124607
0.124778
0.154477
0.156011
0.121318
0.127960
0.151373
0.191856
0.154809
0.155841
0.186007
0.186483
0.155861
0.180571
0.192820
0.186608
0.186795
0.187001
0.187337
0.155356
0.185438
0.187928
0.186819
0.185459
0.186854
0.217787
0.217302
0.187531
0.216900
0.248289
0.187858
0.216631
0.248345
0.187950
0.247501
0.217669
0.187577
0.247649
0.217383
0.218059
0.248601
0.216980
0.249557
0.249257
0.217122
0.249603
0.248868
0.247342
0.250885
0.247815
0.248733
0.249364
0.248289
0.250383
0.247371
0.248900
0.249092
0.247917
0.250311
0.248271
0.247237
0.251193
0.246869
0.250538
0.278007
0.249783
0.278173
0.250282
0.248051
0.280953
0.247283
0.280161
0.248541
0.249679
0.248037
0.249525
0.280434
0.250354
0.278391
0.248690
0.248484
0.280245
0.249242
0.280096
0.248271
0.249199
0.247251
0.250117
0.248733
0.249317
0.248377
0.248928
0.246445
0.250506
0.249876
0.248761
0.216927
0.249485
0.216022
0.250629
0.248452
0.217694
0.249618
0.242694
0.244035
0.252645
0.246914
0.250354
0.248260
0.247649
0.249289
0.249661
0.248811
0.219193
0.246487
0.250661
0.245364
0.251128
0.250311
0.215395
0.250250
0.217358
0.246396
0.252906
0.216656
0.247459
0.218391
0.248494
0.248615
0.249407
0.248051
0.280603
0.249078
0.249722
0.275626
0.251556
0.281058
0.247044
0.250419
0.279608
0.247885
0.248960
0.250128
0.277810
0.250146
0.248868
0.279026
0.250553
0.278720
0.248126
0.249228
0.279724
0.247875
0.281515
0.250704
0.307177
0.251524
0.278110
0.278557
0.250203
0.310827
0.248975
0.310303
0.250038
0.278474
0.248644
0.247726
0.282160
0.249995
0.304796
0.252980
0.277778
0.250268
0.247797
0.281276
0.250340
0.274266
0.252477
0.280752
0.246107
0.249349
0.281921
0.248051
0.309046
0.252583
0.276593
0.281038
0.250690
0.275188
0.250387
0.310862
0.249271
0.280365
0.249378
0.278324
0.279289
0.252491
0.305623
0.252275
0.310396
0.246034
0.282931
0.280719
0.247058
0.279560
0.250809
0.309121
0.250538
0.277940
0.249768
0.250268
0.277381
0.248839
0.280820
0.248989
0.248080
0.217551
0.249679
0.245029
0.251132
0.249768
0.248928
0.248317
0.249214
0.244076
0.253496
0.280060
0.249482
0.248750
0.248765
0.248480
0.248676
0.249872
0.246974
0.249618
0.276788
0.251771
0.249346
0.279556
0.249199
0.247030
0.250419
0.247072
0.249679
0.249242
0.214455
0.252767
0.250463
0.214135
0.251313
0.250221
0.246442
0.249349
0.249858
0.246239
0.249872
0.218956
0.248629
0.218931
0.247695
0.247413
0.218890
0.248541
0.217253
0.218613
0.247371
0.218441
0.217825
0.248960
0.185983
0.249525
0.217918
0.217330
0.249289
0.218218
0.215649
0.250766
0.248526
0.248423
0.247825
0.187203
