0.000000
0.000000
0.000000
0.000000
0.000000
0.000000
0.000000
0.000000
0.000000
0.000000
0.000000
0.000000
0.000000
0.000000
0.000000
0.000000
0.000000
0.000000
0.000000
0.000000
0.000000
0.000000
0.000000
0.000000
0.000000
0.000000
0.000000
0.000000
0.000000
0.000000
0.000000
0.000000
0.000000
0.000000
0.000000
0.000000
0.000000
0.000000
0.000000
0.000000
0.000000
0.000000
0.000000
0.000000
0.000000
0.000000
0.000000
0.000000
0.000000
0.000000
0.000000
0.000000
0.000000
0.000000
0.000000
0.000000
0.000000
0.000000
0.000000
0.000000
0.000000
0.000000
0.000000
0.000000
0.000000
0.000000
0.000000
0.030936
0.031105
0.061927
0.062828
0.062247
0.061853
0.062217
0.093271
0.124277
0.125284
0.092814
0.124210
0.124607
0.124778
0.123582
0.124809
0.151648
0.159950
0.121098
0.127904
0.185771
0.155841
0.124005
0.124322
0.187034
0.180571
0.160683
0.124405
0.186795
0.187001
0.124891
0.124285
0.185438
0.187928
0.124546
0.154549
0.186854
0.186675
0.124173
0.125021
0.185914
0.186217
0.125238
0.185684
0.186259
0.156625
0.185626
0.186573
0.187577
0.216693
0.186328
0.186908
0.217526
0.185983
0.187168
0.218099
0.186105
0.187203
0.217759
0.216425
0.188164
0.247815
0.217641
0.218193
0.248289
0.219085
0.216449
0.248900
0.217956
0.216927
0.250311
0.186203
0.247237
0.219794
0.246869
0.250538
0.216228
0.249783
0.247265
0.250282
0.248051
0.249736
0.247283
0.249032
0.186405
0.249679
0.248037
0.218334
0.249274
0.219060
0.185594
0.248690
0.186363
0.217968
0.249242
0.186731
0.217237
0.218049
0.185438
0.218852
0.248733
0.186988
0.248377
0.217812
0.184834
0.250506
0.218642
0.217666
0.247917
0.218300
0.246883
0.250629
0.217395
0.248793
0.249618
0.212357
0.244035
0.221065
0.216050
0.250354
0.186195
0.247649
0.218128
0.249661
0.248811
0.219193
0.246487
0.250661
0.245364
0.251128
0.250311
0.246166
0.250250
0.217358
0.246396
0.252906
0.247607
0.247459
0.249589
0.248494
0.248615
0.218231
0.248051
0.218246
0.249078
0.249722
0.214376
0.251556
0.218601
0.216163
0.250419
0.217473
0.216900
0.248960
0.187596
0.246942
0.218877
0.217759
0.248023
0.219234
0.247751
0.248126
0.280381
0.248644
0.278859
0.250235
0.250704
0.276460
0.251524
0.278110
0.247607
0.281478
0.248661
0.248975
0.279273
0.250038
0.278474
0.248644
0.247726
0.282160
0.249995
0.274316
0.252980
0.308643
0.250268
0.247797
0.281276
0.250340
0.243792
0.252477
0.249557
0.215344
0.249349
0.187947
0.217045
0.247237
0.189437
0.215128
0.249811
0.188017
0.214035
0.219088
0.186517
0.218112
0.218062
0.187034
0.216474
0.217225
0.189368
0.213936
0.220741
0.186238
0.215280
0.220058
0.187146
0.216176
0.217436
0.188107
0.247297
0.219221
0.216176
0.249768
0.218984
0.215741
0.248839
0.218416
0.248989
0.248080
0.217551
0.249679
0.214400
0.251132
0.249768
0.248928
0.248317
0.249214
0.213567
0.253496
0.217825
0.249482
0.248750
0.248765
0.248480
0.248676
0.249872
0.246974
0.249618
0.246034
0.251771
0.218178
0.248494
0.186900
0.216151
0.219117
0.185304
0.249679
0.218087
0.214455
0.252767
0.219155
0.214135
0.251313
0.218943
0.215637
0.249349
0.187394
0.246239
0.218638
0.218956
0.248629
0.218931
0.216733
0.247413
0.218890
0.217473
0.248289
0.187383
0.247371
0.218441
0.186707
0.248960
0.216980
0.218334
0.249050
0.217330
0.186966
0.218218
0.184842
0.188074
0.248526
0.186318
0.185869
0.156002
