0.000000
0.000000
0.000000
0.000000
0.000000
0.000000
0.000000
0.000000
0.000000
0.000000
0.000000
0.000000
0.000000
0.000000
0.000000
0.000000
0.000000
0.000000
0.000000
0.000000
0.000000
0.000000
0.000000
0.000000
0.000000
0.000000
0.000000
0.000000
0.000000
0.000000
0.000000
0.000000
0.000000
0.000000
0.000000
0.000000
0.000000
0.000000
0.000000
0.000000
0.000000
0.000000
0.000000
0.000000
0.000000
0.000000
0.000000
0.000000
0.000000
0.000000
0.000000
0.000000
0.000000
0.000000
0.000000
0.000000
0.000000
0.000000
0.000000
0.000000
0.000000
0.031072
0.031187
0.062109
0.062442
0.061860
0.062337
0.062386
0.062165
0.093068
0.124315
0.093169
0.093810
0.062236
0.092852
0.124434
0.124960
0.123752
0.155589
0.155609
0.124741
0.124114
0.155618
0.186081
0.155721
0.155580
0.186328
0.186910
0.155908
0.185660
0.187076
0.187305
0.185816
0.186728
0.187577
0.185283
0.187168
0.186475
0.217420
0.186942
0.186451
0.186552
0.217538
0.186662
0.186384
0.217641
0.187531
0.216758
0.218153
0.187372
0.216579
0.249242
0.186718
0.247607
0.250885
0.185649
0.248526
0.217420
0.216721
0.248690
0.219142
0.248971
0.248661
0.218153
0.248526
0.248601
0.249017
0.248928
0.218444
0.216628
0.250056
0.185893
0.248854
0.217734
0.217473
0.249303
0.186563
0.246309
0.251466
0.217644
0.248420
0.248957
0.218128
0.245596
0.221280
0.247518
0.249589
0.186360
0.246281
0.247991
0.188930
0.248797
0.217237
0.218284
0.248704
0.186587
0.248704
0.249092
0.217694
0.248797
0.249872
0.215958
0.247002
0.219819
0.248793
0.248573
0.218190
0.248946
0.217588
0.217971
0.248676
0.248392
0.249271
0.248722
0.248480
0.249003
0.218519
0.247741
0.246152
0.250914
0.249228
0.218271
0.248480
0.249378
0.217395
0.248797
0.248733
0.217918
0.248615
0.218663
0.247741
0.249392
0.217110
0.248733
0.217971
0.217812
0.248825
0.217485
0.248882
0.248797
0.217915
0.248765
0.218745
0.247251
0.249603
0.217485
0.248260
0.249182
0.186137
0.248633
0.218284
0.217719
0.248661
0.187869
0.247357
0.249407
0.185827
0.249182
0.248886
0.218128
0.247991
0.218507
0.248034
0.250027
0.216123
0.250102
0.248569
0.217033
0.249242
0.248896
0.248811
0.249407
0.217408
0.248409
0.218153
0.248406
0.249664
0.217367
0.247829
0.217878
0.216835
0.250509
0.217485
0.249185
0.248644
0.217355
0.248900
0.249980
0.247769
0.249121
0.248722
0.248569
0.249032
0.248009
0.250308
0.248154
0.248825
0.248797
0.248821
0.248811
0.249003
0.248526
0.248733
0.248871
0.248943
0.248615
0.248494
0.249768
0.243994
0.253293
0.248629
0.249257
0.248573
0.249064
0.248360
0.249021
0.248761
0.248558
0.248854
0.249439
0.248080
0.249153
0.249017
0.248555
0.248989
0.248704
0.248914
0.248331
0.218115
0.248690
0.218350
0.217160
0.249110
0.185737
0.218099
0.218168
0.186517
0.248080
0.213429
0.189542
0.250340
0.218918
0.185903
0.217709
0.217747
0.186015
0.186988
0.184711
0.189404
0.186283
0.185970
0.187485
0.185528
0.186908
0.186889
0.186686
0.217719
0.186429
0.186672
0.217865
0.186419
0.187879
0.216462
0.217485
0.186485
0.186809
0.216680
0.187890
0.186094
0.217604
0.186395
0.187574
0.216422
0.187464
0.217576
0.248615
0.187283
0.217042
0.247547
0.188771
0.185504
0.217070
0.186374
0.187326
0.186573
0.181372
0.187246
0.185583
0.186472
0.187971
0.185175
0.218268
0.185552
0.188471
0.184156
0.187869
0.187596
0.215832
0.167268
