0.000000
0.000000
0.000000
0.000000
0.000000
0.000000
0.000000
0.000000
0.000000
0.000000
0.000000
0.000000
0.000000
0.000000
0.000000
0.000000
0.000000
0.000000
0.000000
0.000000
0.000000
0.000000
0.000000
0.000000
0.000000
0.000000
0.000000
0.000000
0.000000
0.000000
0.000000
0.000000
0.000000
0.000000
0.000000
0.000000
0.000000
0.000000
0.000000
0.000000
0.000000
0.000000
0.000000
0.000000
0.000000
0.000000
0.000000
0.000000
0.000000
0.000000
0.000000
0.000000
0.000000
0.000000
0.000000
0.000000
0.000000
0.000000
0.000000
0.035504
0.062423
0.062143
0.062374
0.062109
0.062442
0.092790
0.124675
0.124771
0.124331
0.093068
0.093236
0.124226
0.125080
0.124471
0.154754
0.155542
0.124960
0.154690
0.186707
0.186731
0.155926
0.186171
0.186742
0.186081
0.218009
0.186696
0.186328
0.218062
0.187090
0.216603
0.249435
0.187305
0.216785
0.248971
0.187577
0.247044
0.249557
0.217554
0.248480
0.218099
0.248601
0.248736
0.248615
0.248882
0.248512
0.217641
0.250041
0.247723
0.249317
0.249829
0.247518
0.249242
0.248957
0.247607
0.250885
0.278474
0.248526
0.248480
0.247681
0.248690
0.250448
0.248971
0.279744
0.249317
0.279592
0.248601
0.280145
0.280044
0.249650
0.309469
0.250056
0.278839
0.248854
0.279944
0.279608
0.249303
0.279844
0.246309
0.282899
0.248736
0.279472
0.280076
0.249289
0.276296
0.252891
0.309398
0.249589
0.279540
0.277066
0.247991
0.283394
0.248797
0.310339
0.249467
0.279792
0.248782
0.279792
0.280229
0.248793
0.310996
0.249872
0.277660
0.247002
0.282625
0.279892
0.248573
0.280530
0.248946
0.310840
0.249110
0.279760
0.279440
0.280430
0.279812
0.248480
0.311254
0.249736
0.309676
0.246152
0.313643
0.280381
0.280635
0.279540
0.280550
0.310565
0.248797
0.310916
0.249049
0.310769
0.249901
0.309676
0.280566
0.310157
0.279824
0.280249
0.311160
0.248825
0.310694
0.248882
0.310996
0.249046
0.310956
0.249995
0.309064
0.280804
0.279624
0.310325
0.280329
0.310228
0.279712
0.311834
0.279924
0.310827
0.250491
0.309196
0.280582
0.309711
0.280329
0.311107
0.280450
0.309989
0.280937
0.310042
0.312534
0.308748
0.312628
0.310711
0.310047
0.311553
0.342232
0.311014
0.342934
0.310583
0.341563
0.311647
0.372609
0.312081
0.341577
0.309786
0.311254
0.309764
0.281823
0.310694
0.280333
0.310805
0.248406
0.311125
0.281228
0.278740
0.280261
0.279812
0.310711
0.280161
0.310011
0.250308
0.310193
0.248825
0.310996
0.279924
0.311014
0.280129
0.279592
0.279824
0.279980
0.311178
0.279692
0.310618
0.249768
0.304993
0.253293
0.310787
0.280414
0.310716
0.280197
0.310450
0.280149
0.279856
0.310698
0.279960
0.311799
0.279090
0.311441
0.280145
0.310694
0.280113
0.310880
0.311143
0.310414
0.280434
0.310862
0.280735
0.310228
0.280249
0.309561
0.280414
0.280502
0.279776
0.279090
0.304899
0.252722
0.312925
0.250192
0.278855
0.248811
0.279960
0.279022
0.249317
0.277066
0.252539
0.279425
0.247960
0.249980
0.278292
0.249210
0.218037
0.248914
0.248821
0.217501
0.248896
0.217865
0.248558
0.250506
0.216462
0.248555
0.248647
0.249078
0.247635
0.250520
0.248126
0.248690
0.217461
0.250099
0.216422
0.249951
0.248658
0.248615
0.249711
0.248048
0.247547
0.251695
0.247339
0.248080
0.248498
0.249768
0.248765
0.241830
0.249661
0.247444
0.248629
0.250629
0.277763
0.249450
0.309253
0.251295
0.276233
0.250491
0.250128
0.277499
0.223023
