0.000000
0.000000
0.000000
0.000000
0.000000
0.000000
0.000000
0.000000
0.000000
0.000000
0.000000
0.000000
0.000000
0.000000
0.000000
0.000000
0.000000
0.000000
0.000000
0.000000
0.000000
0.000000
0.000000
0.000000
0.000000
0.000000
0.000000
0.000000
0.000000
0.000000
0.000000
0.000000
0.000000
0.000000
0.000000
0.000000
0.000000
0.000000
0.000000
0.000000
0.000000
0.000000
0.000000
0.000000
0.000000
0.000000
0.000000
0.000000
0.000000
0.000000
0.000000
0.000000
0.000000
0.000000
0.000000
0.000000
0.000000
0.000000
0.000000
0.000000
0.031100
0.031086
0.030794
0.062839
0.061831
0.062905
0.062221
0.061772
0.062465
0.062068
0.031232
0.062062
0.062483
0.061494
0.062483
0.062393
0.061965
0.062664
0.092830
0.093019
0.124598
0.093725
0.092450
0.062835
0.123861
0.124063
0.124734
0.124778
0.123369
0.156294
0.124434
0.124906
0.154359
0.186967
0.124689
0.155560
0.186429
0.186865
0.155478
0.155198
0.186294
0.188039
0.154440
0.186395
0.187439
0.154800
0.154431
0.188485
0.169638
0.207166
0.186195
0.187687
0.248080
0.186809
0.187709
0.247149
0.217448
0.187076
0.248526
0.216721
0.217943
0.250056
0.186227
0.186248
0.249003
0.187270
0.187224
0.246519
0.187904
0.217119
0.217122
0.187439
0.217563
0.248676
0.186528
0.217604
0.248541
0.187733
0.217033
0.217563
0.186528
0.217722
0.215958
0.188292
0.249032
0.217554
0.186280
0.249035
0.217996
0.184787
0.250463
0.219051
0.185747
0.248601
0.186105
0.187563
0.248854
0.186539
0.217122
0.248811
0.187482
0.216397
0.249980
0.187552
0.247177
0.249543
0.186440
0.247974
0.199282
0.236096
0.252675
0.217775
0.217825
0.249092
0.186496
0.217984
0.248299
0.187181
0.217200
0.217722
0.187144
0.216980
0.217775
0.186238
0.186819
0.217943
0.186238
0.187939
0.216409
0.186875
0.217576
0.217762
0.187698
0.184494
0.250084
0.186742
0.186763
0.248615
0.186662
0.186720
0.217135
0.186942
0.186787
0.248434
0.187804
0.216422
0.248839
0.186573
0.215689
0.251190
0.186563
0.217853
0.247783
0.183534
0.215228
0.213885
0.190820
0.216992
0.211551
0.192200
0.211181
0.224860
0.187066
0.247977
0.218009
0.178111
0.257443
0.222487
0.215652
0.247237
0.219474
0.217237
0.249482
0.186597
0.218009
0.247931
0.187090
0.248303
0.218981
0.186171
0.243762
0.222871
0.183666
0.251753
0.217448
0.187235
0.248363
0.187677
0.215112
0.250553
0.186608
0.248690
0.250690
0.185383
0.245787
0.250838
0.181744
0.224608
0.213169
0.190948
0.242694
0.182275
0.195560
0.249078
0.186619
0.187744
0.243220
0.222350
0.184067
0.250932
0.187023
0.173957
0.267335
0.185062
0.217591
0.251556
0.188131
0.185671
0.246928
0.188736
0.216320
0.249182
0.183523
0.221335
0.216863
0.186203
0.218984
0.248821
0.186429
0.248140
0.218322
0.186766
0.247811
0.219740
0.186092
0.248406
0.217513
0.186563
0.246840
0.188539
0.187192
0.216050
0.185328
0.188757
0.247977
0.188107
0.185639
0.248825
0.186102
0.184955
0.250827
0.218387
0.187563
0.247445
0.187528
0.185872
0.248037
0.182425
0.173820
0.273433
0.187305
0.189253
0.249844
0.190725
0.186182
0.217343
0.186654
0.186395
0.248136
0.187305
0.217538
0.247044
0.187996
0.217657
0.248747
0.218103
0.241618
0.255713
0.248971
0.246459
0.250585
0.249722
0.248615
0.280096
0.247547
0.312210
0.250293
0.308424
0.249844
0.279173
0.280277
0.243465
0.316114
0.251556
0.278740
0.249078
0.279672
0.248647
0.250023
0.199536
