0.000000
0.000000
0.000000
0.000000
0.000000
0.000000
0.000000
0.000000
0.000000
0.000000
0.000000
0.000000
0.000000
0.000000
0.000000
0.000000
0.000000
0.000000
0.000000
0.000000
0.000000
0.000000
0.000000
0.000000
0.000000
0.000000
0.000000
0.000000
0.000000
0.000000
0.000000
0.000000
0.000000
0.000000
0.000000
0.000000
0.000000
0.000000
0.000000
0.000000
0.000000
0.000000
0.000000
0.000000
0.000000
0.000000
0.000000
0.000000
0.000000
0.000000
0.000000
0.000000
0.000000
0.000000
0.000000
0.000000
0.000000
0.000000
0.000000
0.000000
0.000000
0.000000
0.061589
0.062839
0.061831
0.062905
0.062221
0.092659
0.093697
0.124135
0.124929
0.124123
0.062483
0.092241
0.124967
0.124786
0.123930
0.093997
0.123773
0.124026
0.124598
0.124967
0.184899
0.157089
0.123861
0.155079
0.187101
0.187168
0.154212
0.156294
0.186651
0.187359
0.123487
0.186967
0.187034
0.155560
0.186429
0.186865
0.186573
0.217277
0.186294
0.188039
0.247103
0.186395
0.187439
0.247681
0.185317
0.219899
0.226185
0.207166
0.217228
0.250250
0.217070
0.249078
0.250279
0.247149
0.248512
0.249435
0.248526
0.278641
0.280213
0.250056
0.279341
0.248331
0.280129
0.249693
0.249632
0.277333
0.250538
0.279153
0.248140
0.281159
0.248644
0.279760
0.279792
0.248690
0.310676
0.250311
0.279042
0.248644
0.279792
0.279928
0.277660
0.282437
0.249032
0.310791
0.248374
0.280165
0.280281
0.246382
0.281770
0.250344
0.278621
0.248601
0.279157
0.250084
0.248854
0.279808
0.248140
0.279912
0.249977
0.278225
0.249980
0.250070
0.278074
0.249543
0.279660
0.247974
0.227751
0.269824
0.252675
0.248886
0.248943
0.249092
0.248661
0.249124
0.279337
0.249575
0.279257
0.279928
0.249525
0.278974
0.248886
0.279357
0.249092
0.249078
0.248317
0.250585
0.247325
0.249167
0.279740
0.248871
0.250264
0.276741
0.250084
0.280113
0.249017
0.248615
0.279992
0.248960
0.248154
0.249257
0.280181
0.248434
0.250405
0.278256
0.248839
0.279860
0.246501
0.282588
0.279844
0.248975
0.278756
0.244712
0.276722
0.244440
0.286230
0.278990
0.241773
0.288301
0.241350
0.289106
0.249421
0.278974
0.280297
0.237481
0.289623
0.254270
0.277267
0.247237
0.282181
0.279305
0.249482
0.279896
0.249153
0.309914
0.249453
0.310379
0.281547
0.279257
0.274232
0.254710
0.306109
0.251753
0.310640
0.249646
0.310454
0.250235
0.276573
0.281872
0.279912
0.310862
0.250690
0.308972
0.245787
0.282193
0.242325
0.288781
0.274074
0.286423
0.273030
0.243033
0.325933
0.249078
0.311031
0.281616
0.304025
0.285879
0.276101
0.282299
0.280534
0.289928
0.267335
0.308437
0.248676
0.314446
0.250842
0.278506
0.277794
0.251647
0.278126
0.249182
0.305872
0.252954
0.247843
0.248271
0.250268
0.279924
0.248573
0.279157
0.249510
0.280149
0.247811
0.251132
0.310153
0.248406
0.279660
0.248750
0.277696
0.282809
0.249589
0.246914
0.247104
0.283136
0.247977
0.250809
0.278458
0.248825
0.248136
0.246606
0.282181
0.280784
0.250084
0.278375
0.250038
0.278807
0.248037
0.243233
0.260730
0.273433
0.280957
0.252337
0.312305
0.254300
0.279273
0.279440
0.248871
0.310658
0.248136
0.280957
0.248615
0.247044
0.250661
0.248750
0.248747
0.249260
0.241618
0.255713
0.248971
0.277267
0.250585
0.249722
0.248615
0.248975
0.247547
0.249768
0.250293
0.246739
0.249844
0.248154
0.249135
0.273898
0.252891
0.251556
0.278740
0.249078
0.279672
0.248647
0.250023
0.171031
