0.000000
0.000000
0.000000
0.000000
0.000000
0.000000
0.000000
0.000000
0.000000
0.000000
0.000000
0.000000
0.000000
0.000000
0.000000
0.000000
0.000000
0.000000
0.000000
0.000000
0.000000
0.000000
0.000000
0.000000
0.000000
0.000000
0.000000
0.000000
0.000000
0.000000
0.000000
0.000000
0.000000
0.000000
0.000000
0.000000
0.000000
0.000000
0.000000
0.000000
0.000000
0.000000
0.000000
0.000000
0.000000
0.000000
0.000000
0.000000
0.000000
0.000000
0.000000
0.000000
0.000000
0.000000
0.000000
0.000000
0.000000
0.000000
0.000000
0.000000
0.031008
0.031357
0.031137
0.031101
0.030934
0.031246
0.030958
0.062210
0.093075
0.093838
0.061931
0.062184
0.061677
0.094270
0.124279
0.124516
0.124696
0.124144
0.124210
0.124600
0.124847
0.154847
0.184701
0.157681
0.154413
0.187178
0.186977
0.186539
0.186227
0.186822
0.186549
0.217566
0.186975
0.187305
0.216437
0.186975
0.217008
0.217095
0.188278
0.215115
0.249632
0.219060
0.248289
0.249303
0.248526
0.248989
0.248733
0.248615
0.248484
0.280245
0.249332
0.241971
0.247504
0.280905
0.248317
0.249303
0.279090
0.249496
0.309011
0.249453
0.275871
0.284747
0.249482
0.276035
0.251266
0.311816
0.248644
0.304758
0.252092
0.282112
0.279425
0.250448
0.309561
0.247755
0.280937
0.249378
0.276855
0.251586
0.249378
0.277216
0.252001
0.277231
0.250326
0.278990
0.280028
0.248494
0.278458
0.250553
0.310432
0.242355
0.318971
0.281127
0.310450
0.280466
0.278891
0.311196
0.248633
0.310414
0.250174
0.311031
0.247960
0.280398
0.248647
0.280345
0.280012
0.249242
0.309861
0.248928
0.311103
0.247504
0.281888
0.278423
0.249561
0.280261
0.249003
0.309583
0.248989
0.280615
0.246781
0.273351
0.282727
0.254975
0.310938
0.248779
0.310450
0.249321
0.278538
0.280060
0.280064
0.280836
0.248289
0.310636
0.247163
0.313268
0.249844
0.309064
0.281211
0.310246
0.280671
0.279588
0.309139
0.250434
0.310658
0.249121
0.310996
0.247663
0.277251
0.252473
0.246679
0.281770
0.249153
0.278339
0.250506
0.279026
0.248317
0.250657
0.278011
0.251433
0.278308
0.249242
0.246928
0.281074
0.249557
0.279122
0.249589
0.269715
0.259053
0.277810
0.280414
0.245888
0.315193
0.248526
0.309579
0.251586
0.278526
0.273431
0.287108
0.280233
0.240316
0.320669
0.249496
0.278724
0.249618
0.249557
0.277035
0.251389
0.218243
0.246739
0.247501
0.219620
0.248914
0.218799
0.216422
0.249421
0.181309
0.222940
0.249646
0.187101
0.239538
0.226119
0.218062
0.248615
0.216745
0.218391
0.248779
0.218770
0.216915
0.249317
0.182824
0.253260
0.218246
0.216332
0.250279
0.218103
0.216099
0.250690
0.217498
0.216437
0.250250
0.186886
0.215395
0.219607
0.187947
0.245468
0.219604
0.217513
0.237073
0.219566
0.259034
0.247875
0.250146
0.248228
0.249346
0.248200
0.249826
0.279026
0.249303
0.279960
0.242281
0.256233
0.278593
0.249182
0.278625
0.249826
0.246166
0.219819
0.249332
0.217343
0.245815
0.251647
0.186049
0.248900
0.220096
0.185496
0.248672
0.218300
0.215982
0.250690
0.186507
0.248182
0.249664
0.182201
0.253109
0.250293
0.217815
0.248271
0.218507
0.217538
0.246693
0.188932
0.215753
0.249707
0.187982
0.247002
0.216437
0.187823
0.248066
0.219047
0.217212
0.248750
0.216980
0.249317
0.248825
0.185238
0.250553
0.251023
0.213885
0.251313
0.247533
0.249543
0.250780
0.215741
0.249435
0.249199
0.246547
0.250780
0.248569
0.248080
0.216243
0.188221
