0.000000
0.000000
0.000000
0.000000
0.000000
0.000000
0.000000
0.000000
0.000000
0.000000
0.000000
0.000000
0.000000
0.000000
0.000000
0.000000
0.000000
0.000000
0.000000
0.000000
0.000000
0.000000
0.000000
0.000000
0.000000
0.000000
0.000000
0.000000
0.000000
0.000000
0.000000
0.000000
0.000000
0.000000
0.000000
0.000000
0.000000
0.000000
0.000000
0.000000
0.000000
0.000000
0.000000
0.000000
0.000000
0.000000
0.000000
0.000000
0.000000
0.000000
0.000000
0.000000
0.000000
0.000000
0.000000
0.000000
0.000000
0.000000
0.000000
0.031133
0.031008
0.031357
0.031137
0.031101
0.061868
0.062491
0.092874
0.093315
0.093075
0.062559
0.092896
0.124368
0.123354
0.125693
0.124279
0.155645
0.124696
0.124144
0.155262
0.186900
0.156058
0.123877
0.184701
0.189217
0.154413
0.155982
0.186977
0.186539
0.186227
0.186822
0.186549
0.217566
0.186975
0.187305
0.216437
0.218137
0.186007
0.248108
0.219658
0.184385
0.249632
0.219060
0.217253
0.249303
0.217461
0.248989
0.248733
0.217538
0.248484
0.280245
0.249332
0.241971
0.278442
0.249693
0.279357
0.249303
0.248080
0.280683
0.247209
0.280635
0.245219
0.284747
0.249482
0.245364
0.282674
0.249453
0.310805
0.243806
0.315116
0.250766
0.310472
0.281754
0.278605
0.309693
0.280937
0.311723
0.276855
0.314482
0.249378
0.308017
0.252001
0.308035
0.281616
0.309989
0.280028
0.279556
0.278458
0.281872
0.310432
0.272650
0.318971
0.281127
0.310450
0.249303
0.309879
0.280076
0.310791
0.279373
0.312718
0.279928
0.278954
0.280398
0.279728
0.311495
0.280012
0.311553
0.247889
0.311160
0.248882
0.309380
0.281888
0.278423
0.280756
0.280261
0.280129
0.247666
0.311236
0.249435
0.308476
0.242978
0.282727
0.286847
0.248750
0.279876
0.248360
0.311651
0.247589
0.280060
0.248946
0.249632
0.279325
0.248509
0.278059
0.250614
0.281074
0.247251
0.281211
0.279221
0.280671
0.310654
0.247311
0.313042
0.279592
0.311401
0.279896
0.309579
0.277251
0.284032
0.277514
0.281770
0.311441
0.278339
0.313132
0.248023
0.310396
0.250657
0.308901
0.282862
0.309231
0.280398
0.277794
0.281074
0.280752
0.310135
0.280788
0.299683
0.259053
0.308678
0.249257
0.276624
0.283674
0.279592
0.278621
0.251586
0.278526
0.243050
0.319009
0.249096
0.270356
0.288603
0.280683
0.278724
0.249618
0.311946
0.246253
0.314237
0.249421
0.277581
0.278438
0.282368
0.280028
0.250056
0.309174
0.249421
0.271964
0.254788
0.280852
0.280651
0.239538
0.290725
0.249214
0.310769
0.247709
0.280788
0.279876
0.250023
0.278891
0.249317
0.274236
0.253260
0.280603
0.247237
0.250279
0.249260
0.246970
0.250690
0.248569
0.247357
0.250250
0.249182
0.215395
0.250979
0.250596
0.245468
0.250976
0.248587
0.237073
0.250932
0.259034
0.247875
0.250146
0.248228
0.249346
0.248200
0.249826
0.279026
0.249303
0.248854
0.272566
0.256233
0.278593
0.249182
0.247666
0.281054
0.246166
0.251222
0.249332
0.248392
0.245815
0.251647
0.248066
0.248900
0.251538
0.247328
0.248672
0.249485
0.246837
0.250690
0.248676
0.248182
0.249664
0.242934
0.253109
0.250293
0.248932
0.248271
0.249722
0.248615
0.246693
0.251910
0.215753
0.249707
0.250643
0.216127
0.247357
0.219126
0.248066
0.250340
0.217212
0.248750
0.247977
0.249317
0.248825
0.246984
0.250553
0.251023
0.213885
0.251313
0.216591
0.249543
0.250780
0.246561
0.249435
0.249199
0.246547
0.250780
0.279640
0.248080
0.247135
0.188221
