0.000000
0.000000
0.000000
0.000000
0.000000
0.000000
0.000000
0.000000
0.000000
0.000000
0.000000
0.000000
0.000000
0.000000
0.000000
0.000000
0.000000
0.000000
0.000000
0.000000
0.000000
0.000000
0.000000
0.000000
0.000000
0.000000
0.000000
0.000000
0.000000
0.000000
0.000000
0.000000
0.000000
0.000000
0.000000
0.000000
0.000000
0.000000
0.000000
0.000000
0.000000
0.000000
0.000000
0.000000
0.000000
0.000000
0.000000
0.000000
0.000000
0.000000
0.000000
0.000000
0.000000
0.000000
0.000000
0.000000
0.000000
0.000000
0.000000
0.000000
0.000000
0.000000
0.031040
0.062172
0.062307
0.062172
0.062435
0.062124
0.062360
0.092731
0.124404
0.124532
0.093617
0.062188
0.092964
0.124322
0.124473
0.124884
0.155059
0.154310
0.125847
0.123966
0.124247
0.186608
0.156020
0.124525
0.123699
0.186182
0.155487
0.124182
0.187574
0.187090
0.186350
0.155405
0.186627
0.187563
0.216606
0.186672
0.187474
0.185869
0.155227
0.187023
0.186549
0.155125
0.186967
0.186696
0.186049
0.187313
0.186563
0.186496
0.217551
0.187404
0.185795
0.249092
0.186539
0.186608
0.217722
0.186595
0.186451
0.248957
0.186595
0.186496
0.248779
0.187012
0.186405
0.248765
0.187472
0.185861
0.217576
0.186766
0.186116
0.249510
0.186116
0.187350
0.248062
0.186664
0.187337
0.247681
0.218824
0.186025
0.248558
0.187539
0.185782
0.247342
0.188186
0.186060
0.249007
0.186809
0.185107
0.250038
0.186809
0.187157
0.248112
0.186977
0.186897
0.216502
0.187394
0.183676
0.251724
0.187316
0.186416
0.218009
0.186451
0.186573
0.217160
0.218560
0.186227
0.249078
0.183948
0.189286
0.217878
0.215780
0.187801
0.218337
0.217433
0.186787
0.217825
0.186328
0.187178
0.186206
0.186416
0.186640
0.186619
0.186686
0.186619
0.186595
0.186461
0.184057
0.189506
0.187044
0.185692
0.187023
0.187429
0.185317
0.186953
0.187768
0.185117
0.187294
0.187281
0.185372
0.218246
0.186763
0.186461
0.216847
0.187326
0.184296
0.189069
0.186374
0.185925
0.218391
0.186675
0.187055
0.217172
0.184156
0.189784
0.217030
0.217657
0.186921
0.217576
0.217918
0.186405
0.186718
0.217722
0.183720
0.190177
0.216968
0.184228
0.189693
0.216822
0.186461
0.187915
0.216332
0.186294
0.187939
0.185272
0.186854
0.187858
0.185183
0.183093
0.190491
0.217853
0.217812
0.186763
0.186541
0.248420
0.186787
0.187359
0.247504
0.187044
0.187055
0.182405
0.190225
0.187701
0.216446
0.186910
0.186696
0.214503
0.189300
0.186651
0.186517
0.211293
0.192487
0.187066
0.216773
0.186953
0.187238
0.185903
0.186619
0.185483
0.187666
0.186472
0.187337
0.186094
0.155730
0.185760
0.187157
0.156321
0.153880
0.187620
0.187146
0.124212
0.155262
0.186900
0.155487
0.124420
0.155589
0.186195
0.155616
0.124952
0.154864
0.186251
0.156085
0.124286
0.153415
0.189127
0.155560
0.123951
0.156170
0.186350
0.155180
0.125193
0.154847
0.186563
0.156020
0.124375
0.155012
0.186865
0.155449
0.124398
0.151993
0.183405
0.157597
0.154541
0.187111
0.187893
0.154523
0.154928
0.187203
0.187034
0.154986
0.180699
0.193406
0.155496
0.155265
0.186932
0.186217
0.185671
0.188289
0.180742
0.191582
0.156116
0.183663
0.189589
0.186819
0.184481
0.188588
0.156480
0.182996
0.189184
0.187709
0.183992
0.188186
0.178799
0.161663
0.156397
0.186517
0.186251
0.124981
0.186049
0.184876
0.158018
0.151030
0.191290
0.187439
0.185626
0.183904
0.190075
0.186259
0.152811
0.141180
