0.000000
0.000000
0.000000
0.000000
0.000000
0.000000
0.000000
0.000000
0.000000
0.000000
0.000000
0.000000
0.000000
0.000000
0.000000
0.000000
0.000000
0.000000
0.000000
0.000000
0.000000
0.000000
0.000000
0.000000
0.000000
0.000000
0.000000
0.000000
0.000000
0.000000
0.000000
0.000000
0.000000
0.000000
0.000000
0.000000
0.000000
0.000000
0.000000
0.000000
0.000000
0.000000
0.000000
0.000000
0.000000
0.000000
0.000000
0.000000
0.000000
0.000000
0.000000
0.000000
0.000000
0.000000
0.000000
0.000000
0.000000
0.000000
0.000000
0.031116
0.031195
0.031068
0.031040
0.031086
0.062307
0.093259
0.093652
0.093185
0.093540
0.092731
0.093303
0.124532
0.124823
0.124375
0.092964
0.093241
0.124473
0.124884
0.124047
0.154310
0.157309
0.123966
0.155309
0.186608
0.187224
0.155656
0.185549
0.186182
0.186584
0.155227
0.187574
0.187090
0.186350
0.186485
0.186627
0.187563
0.185663
0.186672
0.187474
0.185869
0.186272
0.187023
0.186549
0.186150
0.186967
0.217812
0.186049
0.187313
0.217657
0.217579
0.186472
0.187404
0.216761
0.186819
0.217629
0.217709
0.186619
0.217694
0.217526
0.186718
0.248793
0.248661
0.217681
0.249349
0.248541
0.248765
0.249962
0.247815
0.248658
0.249021
0.248154
0.249510
0.279173
0.249801
0.248062
0.248886
0.249783
0.278641
0.250084
0.279038
0.248558
0.250052
0.216745
0.247342
0.219550
0.248080
0.249007
0.217943
0.246809
0.218783
0.249078
0.249543
0.248112
0.249303
0.249196
0.247430
0.249858
0.214289
0.251724
0.249754
0.217485
0.249153
0.217526
0.217669
0.248182
0.187337
0.248303
0.249078
0.214606
0.252381
0.217878
0.215780
0.250401
0.218337
0.217433
0.249050
0.186707
0.248438
0.218375
0.217240
0.248555
0.217747
0.217722
0.248914
0.217722
0.248793
0.248615
0.184057
0.252675
0.218218
0.216640
0.249364
0.218667
0.216203
0.249271
0.187768
0.246823
0.249725
0.187281
0.247163
0.218246
0.217890
0.248615
0.216847
0.218547
0.245728
0.189069
0.248498
0.247899
0.218391
0.248900
0.218231
0.217172
0.245541
0.221415
0.248034
0.248750
0.218074
0.248658
0.217918
0.217473
0.248957
0.217722
0.214340
0.253570
0.185972
0.245638
0.221309
0.185848
0.248615
0.219234
0.216332
0.248392
0.219262
0.216151
0.249139
0.187858
0.246911
0.244124
0.222240
0.248975
0.217812
0.217890
0.248722
0.217367
0.249050
0.249811
0.216566
0.249392
0.218231
0.212805
0.253633
0.218984
0.247367
0.249214
0.217812
0.245146
0.220850
0.217759
0.248690
0.211293
0.256649
0.249421
0.216773
0.249271
0.218444
0.216887
0.248825
0.216397
0.218943
0.248629
0.187337
0.248126
0.218021
0.185760
0.249543
0.218849
0.215432
0.250160
0.218337
0.217371
0.248420
0.186900
0.217681
0.248839
0.186707
0.217228
0.217862
0.187429
0.216810
0.217293
0.187302
0.217501
0.214781
0.189127
0.217784
0.216915
0.187404
0.217408
0.217253
0.187790
0.216785
0.217657
0.187224
0.217657
0.217017
0.186865
0.217629
0.217697
0.182392
0.244540
0.220635
0.216357
0.249482
0.219208
0.247237
0.247885
0.249603
0.249378
0.247977
0.210816
0.257874
0.217694
0.248423
0.249242
0.186217
0.247561
0.219670
0.180742
0.255443
0.218563
0.214273
0.252785
0.186819
0.215228
0.251451
0.187777
0.213495
0.252246
0.187709
0.245323
0.219550
0.178799
0.258661
0.218956
0.217604
0.248335
0.218717
0.217057
0.246501
0.189622
0.211442
0.255053
0.187439
0.216563
0.214554
0.190075
0.217302
0.213936
0.169416
