0.000000
0.000000
0.000000
0.000000
0.000000
0.000000
0.000000
0.000000
0.000000
0.000000
0.000000
0.000000
0.000000
0.000000
0.000000
0.000000
0.000000
0.000000
0.000000
0.000000
0.000000
0.000000
0.000000
0.000000
0.000000
0.000000
0.000000
0.000000
0.000000
0.000000
0.000000
0.000000
0.000000
0.000000
0.000000
0.000000
0.000000
0.000000
0.000000
0.000000
0.000000
0.000000
0.000000
0.000000
0.000000
0.000000
0.000000
0.000000
0.000000
0.000000
0.000000
0.000000
0.000000
0.000000
0.000000
0.000000
0.000000
0.000000
0.000000
0.000000
0.000000
0.031165
0.031285
0.061791
0.062295
0.062420
0.062050
0.062295
0.062005
0.091085
0.090102
0.096136
0.093181
0.062124
0.062816
0.092620
0.122241
0.126926
0.124539
0.123397
0.156265
0.123722
0.152567
0.191537
0.186374
0.152827
0.154477
0.191139
0.183490
0.186787
0.189390
0.186360
0.156738
0.184899
0.187936
0.187450
0.183611
0.188349
0.185549
0.185715
0.188414
0.187790
0.211937
0.188736
0.189286
0.186350
0.184625
0.188107
0.186763
0.151083
0.191419
0.187496
0.184910
0.186060
0.188632
0.217943
0.217473
0.187644
0.209271
0.252290
0.190703
0.185438
0.218193
0.186025
0.187574
0.217448
0.187079
0.186910
0.216952
0.185914
0.184296
0.252660
0.186440
0.216900
0.250174
0.186699
0.218021
0.249510
0.185840
0.218416
0.248704
0.185636
0.249410
0.217903
0.187552
0.246208
0.219645
0.178213
0.259653
0.213747
0.217135
0.256045
0.186147
0.247903
0.249589
0.186942
0.216915
0.248821
0.187701
0.216127
0.214948
0.190108
0.248228
0.186259
0.187337
0.248587
0.213834
0.190912
0.247459
0.217787
0.187404
0.246739
0.187620
0.186036
0.247547
0.187712
0.217918
0.247279
0.187687
0.213244
0.247621
0.191844
0.245088
0.254055
0.178971
0.258085
0.218128
0.215280
0.249797
0.218786
0.248882
0.249575
0.186381
0.247223
0.250264
0.182747
0.253278
0.217212
0.214047
0.253651
0.187461
0.248289
0.249228
0.186953
0.212135
0.253910
0.183937
0.253260
0.217787
0.214797
0.251480
0.187812
0.247518
0.249360
0.217762
0.243291
0.255005
0.216822
0.249919
0.216887
0.217931
0.248900
0.186584
0.244152
0.250297
0.220994
0.247533
0.220354
0.215789
0.248363
0.218811
0.248228
0.250146
0.216111
0.248661
0.218193
0.248821
0.249303
0.216733
0.247444
0.249905
0.216900
0.250675
0.218099
0.215897
0.244681
0.192379
0.242894
0.253525
0.168353
0.243037
0.218481
0.185504
0.249317
0.218852
0.217330
0.242663
0.191952
0.216022
0.249171
0.219101
0.248509
0.249096
0.214464
0.251906
0.218811
0.185483
0.249618
0.218510
0.178233
0.257618
0.188256
0.187146
0.185517
0.185359
0.190133
0.215841
0.186105
0.188725
0.216102
0.185404
0.184944
0.190305
0.213217
0.189658
0.188107
0.183134
0.189023
0.186752
0.184934
0.188061
0.185906
0.187122
0.186328
0.187291
0.185473
0.186238
0.187723
0.186193
0.155908
0.154975
0.186967
0.187157
0.155609
0.184755
0.188506
0.185560
0.186496
0.188517
0.185739
0.216616
0.187779
0.186539
0.185130
0.187009
0.188725
0.183655
0.188357
0.186776
0.217057
0.186819
0.186437
0.249050
0.218181
0.186070
0.247783
0.219088
0.187847
0.232737
0.226628
0.222052
0.248020
0.188965
0.178765
0.258196
0.186475
0.187009
0.248214
0.186999
0.186283
0.217931
0.186496
0.186851
0.246225
0.188485
0.187790
0.245697
0.189034
0.186339
0.215039
0.188289
0.183578
0.220728
0.187291
0.185175
0.187415
0.186272
0.185816
0.187507
0.154468
