0.000000
0.000000
0.000000
0.000000
0.000000
0.000000
0.000000
0.000000
0.000000
0.000000
0.000000
0.000000
0.000000
0.000000
0.000000
0.000000
0.000000
0.000000
0.000000
0.000000
0.000000
0.000000
0.000000
0.000000
0.000000
0.000000
0.000000
0.000000
0.000000
0.000000
0.000000
0.000000
0.000000
0.000000
0.000000
0.000000
0.000000
0.000000
0.000000
0.000000
0.000000
0.000000
0.000000
0.000000
0.000000
0.000000
0.000000
0.000000
0.000000
0.000000
0.000000
0.000000
0.000000
0.000000
0.000000
0.000000
0.000000
0.000000
0.000000
0.000000
0.061990
0.062329
0.062571
0.092686
0.124591
0.124839
0.124100
0.124591
0.155012
0.182170
0.120137
0.128181
0.155302
0.155309
0.125633
0.123494
0.152801
0.190388
0.155674
0.123397
0.156265
0.185583
0.152567
0.127691
0.155311
0.183392
0.154477
0.159282
0.183490
0.186787
0.189390
0.186360
0.188085
0.215716
0.219259
0.187450
0.214213
0.219740
0.185549
0.216668
0.219816
0.187790
0.242214
0.220192
0.220834
0.248466
0.215395
0.219458
0.249017
0.211516
0.223322
0.249995
0.184910
0.217070
0.220071
0.186809
0.248541
0.218918
0.209271
0.252290
0.222487
0.216345
0.249364
0.217030
0.250099
0.248512
0.218259
0.249214
0.216952
0.247885
0.245728
0.252660
0.248587
0.278871
0.250174
0.248932
0.280313
0.249510
0.278760
0.249618
0.279792
0.278454
0.249410
0.280161
0.250070
0.276984
0.251023
0.267320
0.292110
0.244282
0.279173
0.256045
0.310246
0.247903
0.280788
0.280414
0.247903
0.279924
0.250268
0.308752
0.245655
0.285162
0.248228
0.248345
0.281006
0.248587
0.305477
0.254550
0.278391
0.248900
0.281106
0.277581
0.250160
0.310060
0.247547
0.281568
0.249050
0.247279
0.281531
0.243707
0.278573
0.255792
0.306359
0.254055
0.268457
0.290345
0.280450
0.307542
0.249797
0.312552
0.248882
0.280772
0.248509
0.247223
0.281547
0.243663
0.253278
0.248243
0.275204
0.253651
0.249948
0.279325
0.249228
0.280430
0.242440
0.285649
0.275906
0.284917
0.280012
0.245482
0.314350
0.250416
0.278458
0.280530
0.279980
0.273703
0.255005
0.278772
0.249919
0.278855
0.249064
0.280012
0.279876
0.274671
0.281584
0.252565
0.309416
0.251833
0.277444
0.279409
0.281329
0.279257
0.250146
0.277857
0.248661
0.311705
0.248821
0.280466
0.278657
0.247444
0.281143
0.247885
0.282010
0.249257
0.246739
0.244681
0.256505
0.273255
0.253525
0.252530
0.277756
0.249693
0.278256
0.249317
0.281381
0.248377
0.272996
0.255935
0.246883
0.280317
0.250401
0.279572
0.249096
0.275739
0.283395
0.250070
0.247311
0.249618
0.249725
0.237644
0.257618
0.251008
0.249528
0.216437
0.247146
0.253511
0.246676
0.248140
0.251633
0.246974
0.247205
0.277416
0.253740
0.274136
0.252877
0.250809
0.244179
0.252030
0.280129
0.246578
0.250748
0.216890
0.249496
0.248438
0.249722
0.247297
0.248317
0.250297
0.217225
0.249453
0.247960
0.249289
0.249543
0.217853
0.246341
0.251342
0.247413
0.248661
0.251357
0.247652
0.247561
0.250372
0.248718
0.277696
0.249346
0.251633
0.275483
0.251142
0.280165
0.248066
0.249092
0.279656
0.249050
0.249349
0.248094
0.278756
0.250387
0.250463
0.261829
0.259003
0.285495
0.248020
0.251954
0.268148
0.258196
0.248633
0.249346
0.248214
0.218165
0.248377
0.217931
0.248661
0.249135
0.215447
0.251313
0.219088
0.245697
0.252045
0.217395
0.245759
0.251052
0.214174
0.252261
0.218507
0.216038
0.249887
0.186272
0.216785
0.250009
0.185362
