0.000000
0.000000
0.000000
0.000000
0.000000
0.000000
0.000000
0.000000
0.000000
0.000000
0.000000
0.000000
0.000000
0.000000
0.000000
0.000000
0.000000
0.000000
0.000000
0.000000
0.000000
0.000000
0.000000
0.000000
0.000000
0.000000
0.000000
0.000000
0.000000
0.000000
0.000000
0.000000
0.000000
0.000000
0.000000
0.000000
0.000000
0.000000
0.000000
0.000000
0.000000
0.000000
0.000000
0.000000
0.000000
0.000000
0.000000
0.000000
0.000000
0.000000
0.000000
0.000000
0.000000
0.000000
0.000000
0.000000
0.000000
0.000000
0.000000
0.000000
0.031001
0.030557
0.031776
0.030971
0.031086
0.031345
0.030940
0.062221
0.093225
0.093765
0.062035
0.093096
0.124338
0.124591
0.124929
0.154486
0.186854
0.155805
0.124651
0.154928
0.186552
0.156406
0.123840
0.155096
0.187146
0.155935
0.154486
0.187305
0.186967
0.185549
0.187178
0.187294
0.216887
0.216151
0.188028
0.216526
0.218890
0.186528
0.186809
0.217644
0.170039
0.199511
0.186283
0.187133
0.186731
0.186742
0.186384
0.187844
0.215231
0.187631
0.186483
0.217734
0.217305
0.187168
0.216628
0.217893
0.187224
0.217878
0.217498
0.186854
0.246519
0.217993
0.187485
0.246781
0.220754
0.185760
0.247339
0.219566
0.216372
0.250629
0.186259
0.248498
0.247325
0.188289
0.247297
0.249182
0.187825
0.245728
0.218507
0.218918
0.248854
0.186953
0.246459
0.252290
0.184646
0.217358
0.250885
0.186272
0.248690
0.216151
0.214718
0.254040
0.186964
0.216721
0.249199
0.219272
0.185938
0.248168
0.187001
0.186584
0.216357
0.186070
0.188213
0.217290
0.187066
0.186696
0.248512
0.186707
0.186742
0.248317
0.186910
0.185705
0.218034
0.187871
0.186875
0.215331
0.187947
0.186843
0.247737
0.184002
0.189589
0.233694
0.230235
0.188646
0.216462
0.219354
0.185560
0.206861
0.198111
0.186262
0.217510
0.187001
0.186350
0.215689
0.219420
0.187090
0.186461
0.215432
0.188815
0.187372
0.216332
0.187248
0.187101
0.216422
0.185792
0.188224
0.216511
0.186139
0.187982
0.247473
0.188177
0.185948
0.217212
0.184197
0.189195
0.217526
0.218387
0.186073
0.217576
0.186988
0.186552
0.212470
0.223211
0.186675
0.187890
0.215600
0.187925
0.184416
0.219487
0.187496
0.185286
0.218400
0.186339
0.182150
0.255571
0.186651
0.216502
0.250340
0.186049
0.218153
0.248509
0.185872
0.181246
0.257203
0.187270
0.215152
0.219912
0.187485
0.215472
0.219076
0.185207
0.211439
0.257397
0.186718
0.216940
0.219382
0.184392
0.220058
0.217984
0.186081
0.217163
0.218441
0.186720
0.185702
0.187396
0.185880
0.187542
0.186360
0.186686
0.181883
0.191206
0.186731
0.186036
0.212209
0.224234
0.186718
0.186910
0.186272
0.186483
0.187971
0.151207
0.159045
0.185286
0.155738
0.124614
0.156208
0.186595
0.154284
0.125733
0.185604
0.185449
0.157348
0.124128
0.154783
0.187606
0.155349
0.123626
0.155356
0.187701
0.120682
0.158375
0.188452
0.184800
0.156670
0.155338
0.187101
0.182931
0.160146
0.154873
0.185428
0.156690
0.123989
0.186921
0.180479
0.161502
0.186419
0.186472
0.186584
0.186686
0.186595
0.187001
0.179622
0.157080
0.191985
0.186766
0.154911
0.186999
0.185903
0.186798
0.181830
0.192141
0.186448
0.217943
0.186573
0.187170
0.184536
0.187823
0.186843
0.152029
0.191010
0.186774
0.216499
0.178983
0.195595
0.218221
0.215894
0.187485
0.217669
0.248686
0.187996
0.187044
0.184745
0.187157
0.187439
0.185737
0.185861
0.187890
0.154275
0.153508
0.156747
