0.000000
0.000000
0.000000
0.000000
0.000000
0.000000
0.000000
0.000000
0.000000
0.000000
0.000000
0.000000
0.000000
0.000000
0.000000
0.000000
0.000000
0.000000
0.000000
0.000000
0.000000
0.000000
0.000000
0.000000
0.000000
0.000000
0.000000
0.000000
0.000000
0.000000
0.000000
0.000000
0.000000
0.000000
0.000000
0.000000
0.000000
0.000000
0.000000
0.000000
0.000000
0.000000
0.000000
0.000000
0.000000
0.000000
0.000000
0.000000
0.000000
0.000000
0.000000
0.000000
0.000000
0.000000
0.000000
0.000000
0.000000
0.000000
0.000000
0.000000
0.031001
0.061113
0.063553
0.092913
0.124345
0.125381
0.154699
0.155551
0.186451
0.187531
0.155087
0.124128
0.155422
0.155738
0.124929
0.123589
0.124569
0.155805
0.124651
0.154928
0.186552
0.187687
0.185760
0.186116
0.187146
0.187122
0.216280
0.187305
0.186967
0.216474
0.187178
0.187294
0.216887
0.185272
0.219366
0.247459
0.187620
0.217616
0.249078
0.186552
0.198378
0.266015
0.186283
0.249510
0.217853
0.217865
0.248512
0.219152
0.215231
0.250174
0.217563
0.248839
0.248349
0.218362
0.247575
0.217893
0.249632
0.249003
0.248569
0.249139
0.277333
0.249135
0.249980
0.277629
0.252290
0.278641
0.247339
0.282299
0.278193
0.250629
0.279389
0.248498
0.278240
0.251052
0.278209
0.280329
0.250434
0.276444
0.249722
0.281466
0.248854
0.249271
0.277267
0.252290
0.246194
0.248409
0.250885
0.248363
0.248690
0.247030
0.245392
0.285795
0.249285
0.247681
0.280349
0.250596
0.278907
0.248168
0.249335
0.279876
0.247265
0.248094
0.250950
0.248331
0.218243
0.248928
0.217448
0.248943
0.248989
0.217277
0.249214
0.216656
0.249182
0.250495
0.218021
0.246093
0.250596
0.186843
0.247737
0.214669
0.221187
0.233694
0.197344
0.220086
0.247385
0.188017
0.216486
0.236413
0.198111
0.248349
0.217510
0.187001
0.248466
0.215689
0.188074
0.249453
0.217538
0.215432
0.251753
0.187372
0.216332
0.249664
0.187101
0.216422
0.247723
0.188224
0.216511
0.217163
0.187982
0.247473
0.219540
0.216940
0.248243
0.214897
0.220728
0.248601
0.218387
0.248097
0.248658
0.218153
0.248736
0.212470
0.223211
0.248900
0.219205
0.246400
0.250567
0.215152
0.250842
0.218745
0.216166
0.249600
0.217395
0.242866
0.255571
0.217759
0.247430
0.219047
0.248066
0.249317
0.248509
0.247829
0.241662
0.257203
0.249693
0.245888
0.251327
0.249980
0.215472
0.250372
0.216074
0.241645
0.257397
0.217837
0.247931
0.219382
0.215125
0.251495
0.217984
0.248108
0.248186
0.218441
0.248960
0.216653
0.218629
0.247839
0.218799
0.217420
0.248914
0.181883
0.254941
0.217853
0.217042
0.242524
0.224234
0.217837
0.249214
0.217318
0.248644
0.250629
0.211689
0.254471
0.216166
0.218034
0.249228
0.218692
0.217694
0.246855
0.188599
0.216539
0.216357
0.188818
0.217225
0.216696
0.187606
0.217489
0.216345
0.186427
0.250268
0.211193
0.221725
0.251269
0.215600
0.250672
0.248541
0.218284
0.243909
0.256233
0.216822
0.247237
0.219366
0.247977
0.249228
0.210559
0.258403
0.248558
0.248629
0.248779
0.280028
0.248793
0.249335
0.239496
0.251327
0.223983
0.217893
0.247857
0.186999
0.216887
0.186798
0.181830
0.224164
0.186448
0.186809
0.248765
0.218365
0.184536
0.219126
0.217984
0.182435
0.222845
0.217903
0.185570
0.208814
0.195595
0.187047
0.215894
0.218733
0.186573
0.248686
0.219328
0.187044
0.246327
0.218350
0.187439
0.247649
0.216838
0.187890
0.246840
0.184210
0.188096
