0.000000
0.000000
0.000000
0.000000
0.000000
0.000000
0.000000
0.000000
0.000000
0.000000
0.000000
0.000000
0.000000
0.000000
0.000000
0.000000
0.000000
0.000000
0.000000
0.000000
0.000000
0.000000
0.000000
0.000000
0.000000
0.000000
0.000000
0.000000
0.000000
0.000000
0.000000
0.000000
0.000000
0.000000
0.000000
0.000000
0.000000
0.000000
0.000000
0.000000
0.000000
0.000000
0.000000
0.000000
0.000000
0.000000
0.000000
0.000000
0.000000
0.000000
0.000000
0.000000
0.000000
0.000000
0.000000
0.000000
0.000000
0.000000
0.000000
0.000000
0.030918
0.031361
0.030943
0.031107
0.031034
0.031342
0.030975
0.031202
0.061846
0.090333
0.064369
0.062559
0.062243
0.062252
0.092426
0.124682
0.124778
0.124863
0.093130
0.061924
0.093180
0.124651
0.122227
0.126739
0.093607
0.123951
0.124249
0.124560
0.124056
0.187246
0.155367
0.125042
0.152407
0.189135
0.186675
0.125269
0.149393
0.193202
0.187146
0.124338
0.186248
0.187394
0.155125
0.155431
0.186381
0.187496
0.154875
0.186739
0.186699
0.186696
0.185914
0.187712
0.185948
0.217722
0.187178
0.186171
0.248420
0.184899
0.187517
0.245947
0.189818
0.187847
0.247061
0.186819
0.216437
0.250189
0.186539
0.186328
0.248154
0.188245
0.216422
0.249214
0.186472
0.218009
0.217110
0.187133
0.248512
0.249092
0.187520
0.216640
0.217355
0.187034
0.248051
0.218758
0.213582
0.252844
0.183655
0.221467
0.248629
0.218009
0.217697
0.248779
0.186696
0.217160
0.217812
0.187633
0.216693
0.217395
0.186900
0.217017
0.218375
0.186787
0.217800
0.213819
0.189693
0.218140
0.213921
0.190867
0.244035
0.221061
0.186686
0.239486
0.222842
0.190236
0.247635
0.215551
0.219896
0.241507
0.191419
0.215140
0.253352
0.186798
0.213999
0.253028
0.186451
0.248793
0.218193
0.185604
0.218259
0.214261
0.190213
0.186272
0.217681
0.187950
0.215982
0.186731
0.187044
0.213846
0.221589
0.187553
0.216025
0.249257
0.183611
0.216875
0.222418
0.186416
0.214150
0.221454
0.183178
0.190681
0.216745
0.187135
0.217265
0.214249
0.186427
0.221835
0.217188
0.187677
0.185172
0.249589
0.187023
0.186427
0.217526
0.187709
0.216114
0.218153
0.186541
0.217694
0.249257
0.186395
0.217513
0.248331
0.186865
0.214594
0.221116
0.187023
0.244337
0.219724
0.184078
0.248661
0.222337
0.186988
0.217160
0.217305
0.184033
0.221741
0.186060
0.187076
0.217383
0.186248
0.184145
0.221467
0.216745
0.188428
0.213106
0.220338
0.187677
0.213909
0.220594
0.187359
0.217200
0.217147
0.184200
0.221628
0.216733
0.187620
0.247695
0.218259
0.184098
0.252231
0.218428
0.186405
0.216980
0.213984
0.182479
0.215191
0.197159
0.186763
0.183816
0.186171
0.189647
0.187869
0.184920
0.187474
0.186304
0.185726
0.187450
0.186956
0.185307
0.187812
0.186081
0.186283
0.187125
0.186629
0.187450
0.155143
0.186283
0.186584
0.182747
0.190798
0.186672
0.186116
0.187012
0.186517
0.186182
0.187439
0.155225
0.186833
0.186238
0.124151
0.155955
0.186573
0.156415
0.123870
0.186283
0.187404
0.154855
0.155832
0.186384
0.186830
0.186195
0.186718
0.183351
0.190144
0.186595
0.186742
0.186283
0.217865
0.186493
0.186991
0.186448
0.186496
0.186573
0.217772
0.182053
0.185107
0.218140
0.186763
0.186363
0.218112
0.217057
0.187181
0.186427
0.217240
0.187369
0.186307
0.184897
0.188646
0.186270
0.155376
0.186675
0.184701
0.188725
0.186315
0.186878
0.187833
0.214606
0.187925
0.185054
0.186070
