0.000000
0.000000
0.000000
0.000000
0.000000
0.000000
0.000000
0.000000
0.000000
0.000000
0.000000
0.000000
0.000000
0.000000
0.000000
0.000000
0.000000
0.000000
0.000000
0.000000
0.000000
0.000000
0.000000
0.000000
0.000000
0.000000
0.000000
0.000000
0.000000
0.000000
0.000000
0.000000
0.000000
0.000000
0.000000
0.000000
0.000000
0.000000
0.000000
0.000000
0.000000
0.000000
0.000000
0.000000
0.000000
0.000000
0.000000
0.000000
0.000000
0.000000
0.000000
0.000000
0.000000
0.000000
0.000000
0.000000
0.000000
0.000000
0.000000
0.000000
0.030918
0.031361
0.030943
0.062213
0.093103
0.094025
0.092924
0.093607
0.092769
0.120444
0.128739
0.125118
0.124486
0.093378
0.092426
0.124682
0.124778
0.124863
0.124173
0.123847
0.124240
0.124651
0.152784
0.190108
0.156011
0.123951
0.155311
0.186841
0.186084
0.156038
0.186440
0.187563
0.152407
0.157613
0.186675
0.187904
0.179271
0.193202
0.187146
0.217591
0.186248
0.187394
0.217175
0.217604
0.186381
0.187496
0.216826
0.186739
0.217815
0.217812
0.185914
0.187712
0.216940
0.186619
0.187178
0.248228
0.186315
0.215716
0.218770
0.184460
0.253090
0.250463
0.216179
0.249092
0.247357
0.250189
0.248718
0.248438
0.248154
0.250994
0.247339
0.249214
0.248629
0.249153
0.248126
0.249510
0.248512
0.280229
0.250027
0.278538
0.248406
0.249378
0.279058
0.250009
0.305117
0.252844
0.275483
0.253105
0.279708
0.280297
0.248797
0.310973
0.248928
0.279205
0.248928
0.250178
0.278605
0.248452
0.249199
0.248020
0.249571
0.249050
0.248914
0.244364
0.252925
0.249303
0.244481
0.254490
0.244035
0.252642
0.248914
0.209550
0.254676
0.221942
0.247635
0.246344
0.219896
0.241507
0.223322
0.245874
0.253352
0.249064
0.244571
0.253028
0.217526
0.248793
0.218193
0.247473
0.249439
0.244870
0.253618
0.217318
0.248779
0.250600
0.246837
0.248975
0.249392
0.244395
0.253245
0.187553
0.246886
0.249257
0.214213
0.247857
0.222418
0.248555
0.244743
0.189818
0.244237
0.254241
0.216745
0.249514
0.217265
0.214249
0.248569
0.190144
0.248214
0.250235
0.216034
0.249589
0.218193
0.217498
0.248601
0.218994
0.246988
0.249317
0.217632
0.248793
0.218099
0.248526
0.248587
0.217290
0.249153
0.245250
0.221116
0.249364
0.244337
0.251113
0.245437
0.248661
0.254100
0.280482
0.248182
0.248349
0.276050
0.253418
0.248080
0.249435
0.248438
0.217290
0.245527
0.221467
0.247709
0.251237
0.213106
0.251815
0.218956
0.244467
0.252107
0.249811
0.248228
0.248168
0.245600
0.253289
0.247695
0.250160
0.247695
0.249439
0.245465
0.283760
0.249632
0.279608
0.247977
0.244553
0.243305
0.245933
0.262879
0.249017
0.245087
0.217200
0.252862
0.219180
0.246561
0.249966
0.248406
0.247635
0.249933
0.218115
0.247075
0.219114
0.248108
0.248377
0.218312
0.248839
0.218692
0.217200
0.248377
0.217681
0.243663
0.254397
0.217784
0.248154
0.218181
0.248690
0.248243
0.249919
0.248360
0.249110
0.248317
0.248303
0.218337
0.248765
0.250264
0.216773
0.248377
0.218638
0.247769
0.249332
0.217448
0.249107
0.279293
0.248957
0.244467
0.285216
0.248793
0.280113
0.248377
0.248989
0.248658
0.249321
0.217523
0.217579
0.248765
0.186662
0.212395
0.215958
0.186977
0.217890
0.217423
0.186953
0.217057
0.218378
0.186427
0.248275
0.218598
0.217358
0.246529
0.220086
0.217315
0.248601
0.217787
0.246267
0.251633
0.186315
0.249171
0.219139
0.183948
0.250567
0.215897
0.186070
