0.000000
0.000000
0.000000
0.000000
0.000000
0.000000
0.000000
0.000000
0.000000
0.000000
0.000000
0.000000
0.000000
0.000000
0.000000
0.000000
0.000000
0.000000
0.000000
0.000000
0.000000
0.000000
0.000000
0.000000
0.000000
0.000000
0.000000
0.000000
0.000000
0.000000
0.000000
0.000000
0.000000
0.000000
0.000000
0.000000
0.000000
0.000000
0.000000
0.000000
0.000000
0.000000
0.000000
0.000000
0.000000
0.000000
0.000000
0.000000
0.000000
0.000000
0.000000
0.000000
0.000000
0.000000
0.000000
0.000000
0.000000
0.000000
0.000000
0.000000
0.000000
0.000000
0.000000
0.030938
0.031257
0.031166
0.031101
0.061828
0.062086
0.062084
0.062744
0.062314
0.092804
0.062254
0.093030
0.093589
0.093562
0.062266
0.092808
0.122907
0.126314
0.124324
0.092962
0.093619
0.093152
0.124324
0.124516
0.124338
0.124420
0.124315
0.124952
0.123913
0.155478
0.186496
0.155852
0.124420
0.155420
0.186654
0.155338
0.124605
0.155396
0.186360
0.155738
0.124855
0.154827
0.186371
0.156453
0.124398
0.185207
0.187429
0.155776
0.154026
0.187779
0.187666
0.154651
0.155516
0.186675
0.185816
0.124936
0.155329
0.186651
0.155656
0.155440
0.185715
0.187517
0.156256
0.154957
0.186272
0.186539
0.154367
0.187598
0.188096
0.155692
0.154440
0.186822
0.187076
0.185893
0.186675
0.187203
0.217030
0.186283
0.186787
0.217657
0.218309
0.186507
0.217551
0.217825
0.186039
0.187609
0.215933
0.187585
0.187496
0.185760
0.186126
0.188007
0.185792
0.186651
0.187644
0.185726
0.186238
0.187496
0.186294
0.186262
0.186841
0.186039
0.186841
0.186339
0.187227
0.187178
0.185428
0.186942
0.186496
0.185151
0.188007
0.187755
0.155785
0.154396
0.186683
0.186809
0.154855
0.187396
0.186595
0.155449
0.185262
0.187996
0.186819
0.186539
0.186283
0.186374
0.155347
0.155805
0.185681
0.188177
0.124929
0.154273
0.186755
0.156085
0.154977
0.186988
0.187415
0.154699
0.183449
0.190025
0.186608
0.186427
0.186776
0.186350
0.155618
0.154827
0.187294
0.186707
0.155458
0.186475
0.186707
0.185914
0.187609
0.183818
0.190283
0.185151
0.186875
0.187655
0.152990
0.188621
0.187893
0.151498
0.153333
0.185959
0.189300
0.153534
0.153826
0.190388
0.185217
0.154957
0.188610
0.185639
0.155973
0.124967
0.151224
0.189228
0.156862
0.155899
0.185837
0.155776
0.124936
0.185151
0.188828
0.185705
0.185196
0.186851
0.185827
0.156323
0.186573
0.188428
0.184372
0.154275
0.189550
0.186496
0.154763
0.187461
0.187157
0.186240
0.154763
0.187213
0.185803
0.187383
0.186921
0.186763
0.184910
0.182512
0.192424
0.184559
0.183893
0.191184
0.187450
0.185747
0.186552
0.188164
0.213444
0.189149
0.186752
0.186696
0.186517
0.183449
0.185528
0.190692
0.186672
0.186776
0.155367
0.186015
0.187585
0.186328
0.212856
0.191088
0.187925
0.154681
0.185626
0.188050
0.180155
0.160583
0.186707
0.185983
0.124899
0.186686
0.185075
0.188085
0.155411
0.186934
0.186763
0.155329
0.153652
0.187893
0.187666
0.124003
0.155440
0.186798
0.155161
0.125080
0.155282
0.185604
0.157366
0.124010
0.154109
0.187814
0.156179
0.123441
0.156069
0.186060
0.155888
0.124457
0.154552
0.186975
0.156258
0.124397
0.123054
0.156595
0.155516
0.124913
0.125202
0.154072
0.155645
0.124494
0.124151
0.155759
0.186956
0.155598
0.124174
0.124943
0.185715
0.154708
0.125284
0.124644
0.153080
0.157366
0.125163
0.123959
0.154734
0.186587
0.125260
0.123487
0.123996
