0.000000
0.000000
0.000000
0.000000
0.000000
0.000000
0.000000
0.000000
0.000000
0.000000
0.000000
0.000000
0.000000
0.000000
0.000000
0.000000
0.000000
0.000000
0.000000
0.000000
0.000000
0.000000
0.000000
0.000000
0.000000
0.000000
0.000000
0.000000
0.000000
0.000000
0.000000
0.000000
0.000000
0.000000
0.000000
0.000000
0.000000
0.000000
0.000000
0.000000
0.000000
0.000000
0.000000
0.000000
0.000000
0.000000
0.000000
0.000000
0.000000
0.000000
0.000000
0.000000
0.000000
0.000000
0.000000
0.000000
0.000000
0.000000
0.000000
0.000000
0.031088
0.062132
0.062476
0.061875
0.062514
0.062333
0.062203
0.092742
0.124173
0.124167
0.094116
0.062314
0.061869
0.093382
0.124040
0.124786
0.124750
0.093399
0.092808
0.122907
0.126314
0.124324
0.154937
0.156031
0.124203
0.124324
0.155645
0.186507
0.155525
0.124315
0.124952
0.185869
0.155478
0.124331
0.155852
0.186629
0.155420
0.124436
0.186405
0.186908
0.186475
0.155300
0.186886
0.187283
0.154827
0.186371
0.187744
0.186597
0.154339
0.187429
0.186932
0.184831
0.187779
0.187666
0.216511
0.186619
0.186675
0.216785
0.218638
0.186395
0.217759
0.217918
0.186528
0.185715
0.218770
0.187507
0.185948
0.217318
0.186539
0.185241
0.218865
0.188096
0.186830
0.247104
0.186822
0.187076
0.247857
0.186675
0.187203
0.248034
0.186283
0.186787
0.248750
0.187122
0.217591
0.248629
0.186707
0.217045
0.250146
0.185086
0.250113
0.249995
0.216721
0.248168
0.219341
0.216758
0.248868
0.218918
0.216680
0.248317
0.187496
0.217343
0.217305
0.186841
0.217045
0.217981
0.186339
0.249636
0.218375
0.185428
0.249257
0.217579
0.185151
0.250675
0.219047
0.186942
0.247033
0.186683
0.217943
0.247769
0.187396
0.217694
0.248718
0.185262
0.219328
0.249092
0.186539
0.217330
0.217436
0.186416
0.218128
0.216628
0.188177
0.187394
0.215982
0.186755
0.187302
0.216968
0.186988
0.187415
0.185639
0.183449
0.190025
0.217709
0.186427
0.186776
0.217408
0.186742
0.185792
0.187294
0.217825
0.186549
0.217554
0.217825
0.185914
0.187609
0.214455
0.190283
0.216010
0.249167
0.187655
0.214186
0.220058
0.187893
0.181797
0.214666
0.185959
0.189300
0.184241
0.184591
0.190388
0.154348
0.185948
0.188610
0.216579
0.218362
0.187450
0.181468
0.220766
0.188234
0.187079
0.247783
0.186932
0.187404
0.216010
0.188828
0.185705
0.216062
0.186851
0.185827
0.250117
0.186573
0.188428
0.215100
0.185130
0.189550
0.217579
0.216668
0.187461
0.218350
0.186240
0.185715
0.218416
0.216770
0.187383
0.218074
0.217890
0.184910
0.212930
0.224495
0.184559
0.214542
0.223047
0.187450
0.247663
0.217644
0.188164
0.213444
0.220674
0.186752
0.217812
0.217604
0.183449
0.216449
0.190692
0.186672
0.249035
0.217513
0.186015
0.250113
0.217383
0.182448
0.254784
0.219246
0.216554
0.247501
0.188050
0.180155
0.256933
0.186707
0.185983
0.249797
0.186686
0.185075
0.188085
0.186493
0.186934
0.217890
0.186395
0.184382
0.219208
0.187666
0.186004
0.186528
0.186798
0.186193
0.187620
0.186339
0.185604
0.188839
0.155012
0.184931
0.187814
0.187415
0.185162
0.187283
0.186060
0.187066
0.186686
0.185462
0.186975
0.156258
0.186595
0.184580
0.156595
0.186619
0.187369
0.156503
0.154072
0.186774
0.186742
0.186227
0.186910
0.186956
0.186718
0.186262
0.187415
0.185715
0.185649
0.187925
0.186967
0.183697
0.188839
0.187744
0.185938
0.154734
0.186587
0.187890
0.185230
0.154995
