0.000000
0.000000
0.000000
0.000000
0.000000
0.000000
0.000000
0.000000
0.000000
0.000000
0.000000
0.000000
0.000000
0.000000
0.000000
0.000000
0.000000
0.000000
0.000000
0.000000
0.000000
0.000000
0.000000
0.000000
0.000000
0.000000
0.000000
0.000000
0.000000
0.000000
0.000000
0.000000
0.000000
0.000000
0.000000
0.000000
0.000000
0.000000
0.000000
0.000000
0.000000
0.000000
0.000000
0.000000
0.000000
0.000000
0.000000
0.000000
0.000000
0.000000
0.000000
0.000000
0.000000
0.000000
0.000000
0.000000
0.000000
0.000000
0.000000
0.000000
0.000000
0.000000
0.030967
0.031274
0.061821
0.062416
0.062295
0.062147
0.062321
0.061950
0.093224
0.124263
0.093743
0.093415
0.062229
0.060620
0.095049
0.124593
0.125057
0.124494
0.093320
0.061853
0.093315
0.124182
0.125125
0.124174
0.093259
0.062224
0.092083
0.125764
0.124546
0.124598
0.124391
0.124299
0.124368
0.124375
0.155607
0.186664
0.155096
0.124375
0.155738
0.186472
0.155805
0.124943
0.183482
0.188381
0.156444
0.155021
0.185861
0.186004
0.157271
0.154855
0.185459
0.188017
0.155169
0.186720
0.187733
0.185449
0.186654
0.187031
0.186507
0.213972
0.190717
0.185914
0.217212
0.187281
0.186731
0.216875
0.187758
0.185581
0.248228
0.187079
0.217616
0.248914
0.186461
0.216875
0.249722
0.187125
0.216992
0.248989
0.218178
0.248377
0.217734
0.248243
0.250372
0.247945
0.248647
0.249285
0.248243
0.248932
0.217747
0.248882
0.249139
0.186539
0.248452
0.217759
0.217632
0.249032
0.217591
0.248793
0.248541
0.187577
0.247677
0.250088
0.216770
0.249035
0.217197
0.248857
0.250264
0.180467
0.248080
0.249289
0.216773
0.248672
0.217918
0.218836
0.242707
0.191315
0.247529
0.247652
0.218969
0.249543
0.218811
0.185705
0.247974
0.219142
0.217005
0.248154
0.187779
0.246194
0.220004
0.215845
0.248555
0.252290
0.239045
0.252521
0.252660
0.249285
0.250481
0.216151
0.249586
0.212657
0.222649
0.248989
0.186945
0.246501
0.220779
0.181279
0.254583
0.217538
0.187203
0.248136
0.218284
0.217163
0.248807
0.187701
0.247237
0.250990
0.214035
0.251298
0.250023
0.215435
0.250250
0.218140
0.244279
0.247755
0.222201
0.248080
0.218522
0.215548
0.249858
0.218915
0.217669
0.248214
0.182030
0.253773
0.219246
0.218021
0.248023
0.213205
0.253740
0.250932
0.246253
0.250372
0.250567
0.214960
0.249603
0.218679
0.242227
0.253274
0.218770
0.249589
0.217513
0.242694
0.256030
0.245916
0.249646
0.250372
0.246208
0.251786
0.249049
0.246781
0.252429
0.244364
0.251146
0.280281
0.241139
0.253389
0.220071
0.249303
0.214757
0.216268
0.255634
0.183730
0.202553
0.201801
0.187768
0.215049
0.217513
0.187733
0.187044
0.217433
0.186910
0.191526
0.219950
0.186328
0.218535
0.217200
0.186105
0.186640
0.248434
0.187227
0.186742
0.217290
0.186977
0.186328
0.186416
0.187971
0.187563
0.185715
0.184088
0.189773
0.185581
0.218049
0.186451
0.217784
0.217579
0.187111
0.187090
0.216486
0.187181
0.186528
0.217448
0.186573
0.186774
0.151188
0.159762
0.186966
0.186270
0.156397
0.185938
0.186798
0.156096
0.154855
0.186416
0.187461
0.155674
0.154183
0.187224
0.186956
0.155105
0.185539
0.188700
0.154995
0.124450
0.186384
0.186651
0.153190
0.157814
0.186710
0.155674
0.124450
0.185914
0.187090
0.187337
0.123870
0.186616
0.186710
0.155513
0.155404
0.186640
0.187507
0.123943
0.155282
0.186363
0.187574
0.124024
0.155674
0.185628
