0.000000
0.000000
0.000000
0.000000
0.000000
0.000000
0.000000
0.000000
0.000000
0.000000
0.000000
0.000000
0.000000
0.000000
0.000000
0.000000
0.000000
0.000000
0.000000
0.000000
0.000000
0.000000
0.000000
0.000000
0.000000
0.000000
0.000000
0.000000
0.000000
0.000000
0.000000
0.000000
0.000000
0.000000
0.000000
0.000000
0.000000
0.000000
0.000000
0.000000
0.000000
0.000000
0.000000
0.000000
0.000000
0.000000
0.000000
0.000000
0.000000
0.000000
0.000000
0.000000
0.000000
0.000000
0.000000
0.000000
0.000000
0.000000
0.000000
0.000000
0.000000
0.000000
0.030967
0.031274
0.061821
0.062416
0.062295
0.062147
0.062321
0.092925
0.093224
0.124263
0.093743
0.093415
0.062229
0.060620
0.095049
0.124593
0.125057
0.093371
0.093320
0.092780
0.124420
0.124182
0.125125
0.124174
0.124345
0.124448
0.122777
0.125764
0.155683
0.155747
0.124391
0.124299
0.155460
0.186563
0.155607
0.124443
0.155096
0.186563
0.155738
0.155393
0.186967
0.187415
0.152902
0.188381
0.187733
0.186025
0.185861
0.186004
0.188725
0.185827
0.185459
0.188017
0.217237
0.186720
0.187733
0.216357
0.217762
0.187031
0.186507
0.213972
0.190717
0.216900
0.217212
0.187281
0.217853
0.216875
0.187758
0.247441
0.248228
0.218259
0.248704
0.248914
0.248615
0.247857
0.280937
0.249500
0.278990
0.248989
0.249346
0.279425
0.248839
0.279273
0.250372
0.278939
0.248647
0.249285
0.279273
0.248932
0.311067
0.248882
0.280281
0.248718
0.248452
0.279976
0.248722
0.280161
0.248676
0.279892
0.248541
0.250102
0.278637
0.250088
0.309671
0.249035
0.279253
0.279964
0.250264
0.270700
0.248080
0.280450
0.247741
0.248672
0.249050
0.250099
0.242707
0.255087
0.247529
0.247652
0.250250
0.280735
0.250070
0.278557
0.247974
0.250448
0.248005
0.248154
0.250372
0.246194
0.251433
0.215845
0.248555
0.220754
0.209164
0.252521
0.252660
0.249285
0.250481
0.247030
0.249586
0.212657
0.254456
0.248989
0.249260
0.246501
0.220779
0.241705
0.254583
0.248615
0.249603
0.279153
0.249467
0.279209
0.279908
0.250268
0.309046
0.250990
0.275188
0.251298
0.250023
0.276988
0.250250
0.249303
0.244279
0.247755
0.253944
0.248080
0.280957
0.246341
0.281090
0.250189
0.248765
0.279241
0.242707
0.285495
0.250567
0.280313
0.248023
0.243663
0.285457
0.250932
0.277035
0.250372
0.250567
0.276378
0.249603
0.281159
0.242227
0.284934
0.250023
0.280788
0.279660
0.242694
0.320037
0.245916
0.312058
0.250372
0.276984
0.283259
0.249049
0.277629
0.252429
0.274910
0.251146
0.249139
0.241139
0.253389
0.251509
0.249303
0.245437
0.247163
0.255634
0.244974
0.231489
0.269068
0.250358
0.245770
0.217513
0.250311
0.249392
0.217433
0.249214
0.223447
0.251371
0.248438
0.218535
0.248228
0.279157
0.248854
0.248434
0.249636
0.248989
0.248331
0.249303
0.248438
0.248555
0.250629
0.218824
0.216668
0.245451
0.221402
0.247441
0.249199
0.217526
0.248896
0.248661
0.249482
0.249453
0.278339
0.249575
0.279792
0.248512
0.248765
0.249032
0.241900
0.223667
0.186966
0.248360
0.187677
0.216927
0.217931
0.187316
0.185827
0.217485
0.187461
0.186809
0.215857
0.187224
0.186956
0.186126
0.185539
0.188700
0.216992
0.186675
0.186384
0.217759
0.214467
0.189377
0.217828
0.217943
0.186675
0.185914
0.218271
0.187337
0.185805
0.186616
0.186710
0.186616
0.186485
0.186640
0.187507
0.216900
0.186339
0.186363
0.187574
0.217042
0.186809
0.185628
