1.27355163385
0.0
1.27355163385
0.0
1.27355163385
0.0
1.27355163385
0.0
1.27355163385
0.0
1.27355163385
0.0243706088513
1.27355163385
0.048767413944
1.27355163385
0.0975010693073
1.27355163385
0.146246939898
1.27355163385
0.195056304336
1.27355163385
0.243869453669
1.27355163385
0.292638599873
1.27355163385
0.341412395239
1.27355163385
0.390136182308
1.27355163385
0.438916385174
1.27355163385
0.463269561529
1.27355163385
0.487657636404
1.27355163385
0.487700402737
1.27355163385
0.487616181374
1.27355163385
0.487702071667
1.27355163385
0.487616479397
1.27355163385
0.487612992525
1.27355163385
0.487637758255
1.27355163385
0.487626701593
1.27355163385
0.487619131804
6.0511300276
0.487631350756
6.0511300276
0.53637778759
6.0511300276
0.609506011009
6.0511300276
0.682709038258
6.0511300276
0.780131697655
6.0511300276
0.877591192722
6.0511300276
0.9750893116
6.0511300276
1.07249522209
6.0511300276
1.170155406
6.0511300276
1.31508111954
6.0511300276
1.41278111935
6.0511300276
1.4616856575
6.0511300276
1.4862896204
6.0511300276
1.51073932648
6.0511300276
1.51065909863
6.0511300276
1.51110947132
6.0511300276
1.51098132133
6.0511300276
1.51166474819
6.0511300276
1.51165783405
6.0511300276
1.46450483799
6.0511300276
1.48882114887
6.0511300276
1.48881673813
6.0511300276
1.48892807961
6.0511300276
1.51325881481
6.0511300276
1.5134755373
4.43419320132
1.51322233677
4.43419320132
1.51352190971
4.43419320132
1.51314258575
4.43419320132
1.48861062527
4.43419320132
1.48876941204
4.43419320132
1.46440160275
4.43419320132
1.43999052048
4.43419320132
1.43996071815
4.43419320132
1.41564488411
4.43419320132
1.39126348495
4.43419320132
1.39132916927
4.43419320132
1.36659097672
4.43419320132
1.36696684361
4.43419320132
1.39159393311
4.43419320132
1.39131784439
4.43419320132
1.39116072655
4.43419320132
1.39128029346
4.43419320132
1.39123213291
4.43419320132
1.36685049534
4.43419320132
1.39104473591
4.43419320132
1.3912332058
4.43419320132
1.41636252403
4.43419320132
1.41609370708
4.43419320132
1.36717009544
4.43419320132
1.3671848774
1.40084647015
1.3673273325
1.40084647015
1.39177727699
1.40084647015
1.3425784111
1.40084647015
1.31821513176
1.40084647015
1.26972365379
1.40084647015
1.19645011425
1.40084647015
1.12268817425
1.40084647015
1.04951298237
1.40084647015
1.0249825716
1.40084647015
0.951830744743
1.40084647015
0.878681004047
1.40084647015
0.805335998535
1.40084647015
0.781220138073
1.40084647015
0.732466161251
1.40084647015
0.732613265514
1.40084647015
0.707887232304
1.40084647015
0.732532083988
1.40084647015
0.707807004452
1.40084647015
0.683740377426
1.40084647015
0.708159029484
1.40084647015
0.683602452278
1.40084647015
0.683661580086
1.40084647015
0.683766305447
1.40084647015
0.683803141117
1.40084647015
0.683544993401
4.43214483128
0.683705925941
4.43214483128
0.683681428432
4.43214483128
0.781416893005
4.43214483128
0.854493796825
4.43214483128
0.879019200802
4.43214483128
0.976688861847
4.43214483128
1.04988622665
4.43214483128
1.09836447239
4.43214483128
1.19624185562
4.43214483128
1.24509000778
4.43214483128
1.31835019588
4.43214483128
1.36716711521
4.43214483128
1.36709272861
4.43214483128
1.39181268215
4.43214483128
1.41612291336
4.43214483128
1.39148712158
4.43214483128
1.39191830158
4.43214483128
1.41588652134
4.43214483128
1.39144444466
4.43214483128
1.39143657684
4.43214483128
1.4162427187
4.43214483128
1.41594207287
4.43214483128
1.41645348072
4.43214483128
1.41598582268
4.43214483128
1.41601920128
3.90052187961
1.41622614861
3.90052187961
1.41600453854
3.90052187961
1.39227068424
3.90052187961
1.41632986069
3.90052187961
1.41643238068
3.90052187961
1.41604614258
3.90052187961
1.39127874374
3.90052187961
1.36722064018
3.90052187961
1.366994977
3.90052187961
1.36727166176
3.90052187961
1.36742162704
3.90052187961
1.36718320847
3.90052187961
1.36725103855
3.90052187961
1.36724054813
3.90052187961
1.36720025539
3.90052187961
1.34231746197
3.90052187961
1.34314906597
3.90052187961
1.36717808247
3.90052187961
1.36745619774
3.90052187961
1.36723828316
3.90052187961
1.3671836853
3.90052187961
1.34277153015
3.90052187961
1.36734127998
3.90052187961
1.36643457413
3.90052187961
1.34267282486
3.6934573042
1.39186167717
3.6934573042
1.39159226418
3.6934573042
1.39125680923
3.6934573042
1.39143967628
3.6934573042
1.36721837521
3.6934573042
1.36649465561
3.6934573042
1.38844013214
3.6934573042
1.39170312881
3.6934573042
1.39227330685
3.6934573042
1.39176368713
3.6934573042
1.34291243553
3.6934573042
1.36737370491
3.6934573042
1.34298086166
3.6934573042
1.34290468693
3.6934573042
1.34222531319
3.6934573042
1.36775672436
3.6934573042
1.37005794048
3.6934573042
1.34245276451
3.6934573042
1.31846737862
3.6934573042
1.34271681309
3.6934573042
1.3671849966
3.6934573042
1.34257459641
3.6934573042
1.36716651917
3.6934573042
1.342441082
3.6934573042
1.36690163612
2.99476520304
1.36717915535
2.99476520304
1.34295940399
2.99476520304
1.34282314777
2.99476520304
1.34280860424
2.99476520304
1.3184428215
2.99476520304
1.31847608089
2.99476520304
1.31845140457
2.99476520304
1.2938593626
2.99476520304
1.29439043999
2.99476520304
1.27002418041
2.99476520304
1.2453366518
2.99476520304
1.24520552158
2.99476520304
1.26955854893
2.99476520304
1.24521923065
2.99476520304
1.269277215
2.99476520304
1.24506986141
2.99476520304
1.24531161785
2.99476520304
1.24530863762
2.99476520304
1.24508881569
2.99476520304
1.26957559586
2.99476520304
1.26933324337
2.99476520304
1.26977097988
2.99476520304
1.24509418011
2.99476520304
1.26937520504
2.99476520304
1.24523472786
6.7155235014
1.24482858181
6.7155235014
1.26942884922
6.7155235014
1.31804823875
6.7155235014
1.36678981781
6.7155235014
1.36725330353
6.7155235014
1.41592216492
6.7155235014
1.46434342861
6.7155235014
1.48957002163
6.7155235014
1.5383566618
6.7155235014
1.58734989166
6.7155235014
1.63584828377
6.7155235014
1.66048502922
6.7155235014
1.63629829884
6.7155235014
1.63641762733
6.7155235014
1.6606323719
6.7155235014
1.66088175774
6.7155235014
1.66063511372
6.7155235014
1.6600625515
6.7155235014
1.66011869907
6.7155235014
1.66005825996
6.7155235014
1.636033535
6.7155235014
1.66009294987
6.7155235014
1.66024386883
6.7155235014
1.65997469425
6.7155235014
1.66009032726
1.07643960529
1.63545691967
1.07643960529
1.61137127876
1.07643960529
1.61119544506
1.07643960529
1.53802967072
1.07643960529
1.46474862099
1.07643960529
1.41580545902
1.07643960529
1.29385459423
1.07643960529
1.2203977108
1.07643960529
1.09861552715
1.07643960529
1.0008149147
1.07643960529
0.927603960037
1.07643960529
0.829853236675
1.07643960529
0.7567897439
1.07643960529
0.732414662838
1.07643960529
0.683375000954
1.07643960529
0.634989738464
1.07643960529
0.634759545326
1.07643960529
0.63454169035
1.07643960529
0.634718298912
1.07643960529
0.610260426998
1.07643960529
0.585854768753
1.07643960529
0.585892260075
1.07643960529
0.585535883904
1.07643960529
0.56109803915
1.07643960529
0.585683882236
3.71952171298
0.585548937321
3.71952171298
0.585466861725
3.71952171298
0.635353446007
3.71952171298
0.683416962624
3.71952171298
0.781974494457
3.71952171298
0.87968569994
3.71952171298
0.952536523342
3.71952171298
1.00202035904
3.71952171298
1.09928059578
3.71952171298
1.17177784443
3.71952171298
1.26953434944
3.71952171298
1.34278845787
3.71952171298
1.342222929
3.71952171298
1.39166712761
3.71952171298
1.36645114422
3.71952171298
1.36634528637
3.71952171298
1.39100217819
3.71952171298
1.41512203217
3.71952171298
1.41547727585
3.71952171298
1.39183688164
3.71952171298
1.391741395
3.71952171298
1.36726367474
3.71952171298
1.3913744688
3.71952171298
1.3912127018
3.71952171298
1.41579914093
5.57211918458
1.41639649868
5.57211918458
1.41618025303
5.57211918458
1.41645336151
5.57211918458
1.41633963585
5.57211918458
1.44096231461
5.57211918458
1.46535336971
5.57211918458
1.51412510872
5.57211918458
1.51461076736
5.57211918458
1.51401984692
5.57211918458
1.5140901804
5.57211918458
1.53796184063
5.57211918458
1.5630941391
5.57211918458
1.56235206127
5.57211918458
1.56247973442
5.57211918458
1.58675265312
5.57211918458
1.5867087841
5.57211918458
1.56276774406
5.57211918458
1.5623267889
5.57211918458
1.5868999958
5.57211918458
1.61108326912
5.57211918458
1.58699667454
5.57211918458
1.56127226353
5.57211918458
1.56239163876
5.57211918458
1.61104273796
5.57211918458
1.58649003506
1.47386794612
1.56247460842
1.47386794612
1.58512592316
1.47386794612
1.56080782413
1.47386794612
1.48803400993
1.47386794612
1.41480636597
1.47386794612
1.39004993439
1.47386794612
1.34212052822
1.47386794612
1.29264736176
1.47386794612
1.17076778412
1.47386794612
1.12194561958
1.47386794612
1.07280015945
1.47386794612
0.976537764072
1.47386794612
0.927564263344
1.47386794612
0.927657544613
1.47386794612
0.903222382069
1.47386794612
0.854378461838
1.47386794612
0.854852974415
1.47386794612
0.855091392994
1.47386794612
0.855027139187
1.47386794612
0.830374658108
1.47386794612
0.830438375473
1.47386794612
0.830952048302
1.47386794612
0.830347597599
1.47386794612
0.83095061779
1.47386794612
0.830655276775
6.45410177756
0.831044852734
6.45410177756
0.879063129425
6.45410177756
0.952041447163
6.45410177756
1.02566218376
6.45410177756
1.09884333611
6.45410177756
1.19685280323
6.45410177756
1.26920926571
6.45410177756
1.3435356617
6.45410177756
1.44059979916
6.45410177756
1.51416814327
6.45410177756
1.61191725731
6.45410177756
1.63572573662
6.45410177756
1.61187076569
6.45410177756
1.63616585732
6.45410177756
1.6605193615
6.45410177756
1.61154329777
6.45410177756
1.6602127552
6.45410177756
1.65985941887
6.45410177756
1.6351249218
6.45410177756
1.65969491005
6.45410177756
1.63486611843
6.45410177756
1.63576364517
6.45410177756
1.65936660767
6.45410177756
1.63495743275
6.45410177756
1.6356253624
6.68679384883
1.65942108631
6.68679384883
1.61114740372
6.68679384883
1.66044771671
6.68679384883
1.63626599312
6.68679384883
1.63598144054
6.68679384883
1.66038000584
6.68679384883
1.63551747799
6.68679384883
1.66087687016
6.68679384883
1.66012942791
6.68679384883
1.66000545025
6.68679384883
1.66070735455
6.68679384883
1.66003131866
6.68679384883
1.6600266695
6.68679384883
1.65998995304
6.68679384883
1.6600369215
6.68679384883
1.66031944752
6.68679384883
1.68429648876
6.68679384883
1.66016340256
6.68679384883
1.66027987003
6.68679384883
1.66023695469
6.68679384883
1.66025841236
6.68679384883
1.68489122391
6.68679384883
1.66054332256
6.68679384883
1.66047346592
6.68679384883
1.66047859192
1.79354532237
1.66052162647
1.79354532237
1.66137647629
1.79354532237
1.61164009571
1.79354532237
1.61171758175
1.79354532237
1.53825390339
1.79354532237
1.48933410645
1.79354532237
1.44050598145
1.79354532237
1.36708331108
1.79354532237
1.31835818291
1.79354532237
1.2447937727
1.79354532237
1.19543254375
1.79354532237
1.12268710136
1.79354532237
1.09822487831
1.79354532237
1.07344138622
1.79354532237
1.04941558838
1.79354532237
1.02480959892
1.79354532237
1.0008327961
1.79354532237
1.02494037151
1.79354532237
1.02457523346
1.79354532237
1.02518069744
1.79354532237
1.00092411041
1.79354532237
0.999909281731
1.79354532237
1.00016760826
1.79354532237
0.976579844952
1.79354532237
1.00072526932
3.69260666242
1.00092756748
3.69260666242
1.00067913532
3.69260666242
1.02522289753
3.69260666242
1.07668781281
3.69260666242
1.10314226151
3.69260666242
1.15499281883
3.69260666242
1.17962956429
3.69260666242
1.23075914383
3.69260666242
1.28190684319
3.69260666242
1.33352744579
3.69260666242
1.38524615765
3.69260666242
1.43386352062
3.69260666242
1.4367774725
3.69260666242
1.43402659893
3.69260666242
1.4562523365
3.69260666242
1.43116509914
3.69260666242
1.45599710941
3.69260666242
1.45359826088
3.69260666242
1.45060181618
3.69260666242
1.42567443848
3.69260666242
1.42547178268
3.69260666242
1.42546832561
3.69260666242
1.42402875423
3.69260666242
1.42573916912
3.69260666242
1.42529785633
6.31410516653
1.44775223732
6.31410516653
1.44727349281
6.31410516653
1.44760537148
6.31410516653
1.47191631794
6.31410516653
1.51857626438
6.31410516653
1.51597976685
6.31410516653
1.56514048576
6.31410516653
1.56356227398
6.31410516653
1.586597085
6.31410516653
1.61095285416
6.31410516653
1.61074984074
6.31410516653
1.65981972218
6.31410516653
1.6596198082
6.31410516653
1.66025531292
6.31410516653
1.66000592709
6.31410516653
1.65967392921
6.31410516653
1.63488483429
6.31410516653
1.65869104862
6.31410516653
1.65951085091
6.31410516653
1.66011166573
6.31410516653
1.66001260281
6.31410516653
1.63519382477
6.31410516653
1.65989911556
6.31410516653
1.63390851021
6.31410516653
1.66049230099
5.71368778818
1.66037487984
5.71368778818
1.63645625114
5.71368778818
1.66143596172
5.71368778818
1.63610064983
5.71368778818
1.63606584072
5.71368778818
1.66047215462
5.71368778818
1.6364107132
5.71368778818
1.61147785187
5.71368778818
1.63756668568
5.71368778818
1.61127007008
5.71368778818
1.61128842831
5.71368778818
1.65986931324
5.71368778818
1.61101412773
5.71368778818
1.61144685745
5.71368778818
1.61071515083
5.71368778818
1.61111056805
5.71368778818
1.61104786396
5.71368778818
1.63573002815
5.71368778818
1.635602355
5.71368778818
1.61093127728
5.71368778818
1.63534963131
5.71368778818
1.61118650436
5.71368778818
1.61150991917
5.71368778818
1.6357293129
5.71368778818
1.63611316681
5.84666745362
1.6112126112
5.84666745362
1.61148118973
5.84666745362
1.61126697063
5.84666745362
1.61120676994
5.84666745362
1.61060738564
5.84666745362
1.6360771656
5.84666745362
1.61096298695
5.84666745362
1.61137092113
5.84666745362
1.63561451435
5.84666745362
1.61124956608
5.84666745362
1.61131167412
5.84666745362
1.66005468369
5.84666745362
1.6358590126
5.84666745362
1.61143434048
5.84666745362
1.63643491268
5.84666745362
1.61101210117
5.84666745362
1.61152887344
5.84666745362
1.66020357609
5.84666745362
1.61148679256
5.84666745362
1.61145353317
5.84666745362
1.63477671146
5.84666745362
1.61153173447
5.84666745362
1.61125147343
5.84666745362
1.66011297703
5.84666745362
1.63566815853
0.540826044312
1.61133503914
0.540826044312
1.61147105694
0.540826044312
1.5620316267
0.540826044312
1.51331555843
0.540826044312
1.46437394619
0.540826044312
1.39239525795
0.540826044312
1.26919746399
0.540826044312
1.17148804665
0.540826044312
1.02522647381
0.540826044312
0.927526056767
0.540826044312
0.82993209362
0.540826044312
0.732378959656
0.540826044312
0.585818707943
0.540826044312
0.537044942379
0.540826044312
0.43954795599
0.540826044312
0.390521109104
0.540826044312
0.341887235641
0.540826044312
0.317405462265
0.540826044312
0.292895227671
0.540826044312
0.244207769632
0.540826044312
0.219619512558
0.540826044312
0.195258781314
0.540826044312
0.195258781314
0.540826044312
0.170696467161
0.540826044312
0.195166781545
0.752358372064
0.146344006062
0.752358372064
0.194976717234
0.752358372064
0.170570865273
0.752358372064
0.195053845644
0.752358372064
0.195053845644
0.752358372064
0.219454437494
0.752358372064
0.219400316477
0.752358372064
0.243830680847
0.752358372064
0.268404096365
0.752358372064
0.268343418837
0.752358372064
0.292764008045
0.752358372064
0.292984724045
0.752358372064
0.317363768816
0.752358372064
0.29287904501
0.752358372064
0.341678500175
0.752358372064
0.31729760766
0.752358372064
0.317351579666
0.752358372064
0.341907352209
0.752358372064
0.317418307066
0.752358372064
0.317399948835
0.752358372064
0.341685116291
0.752358372064
0.317303329706
0.752358372064
0.317414849997
0.752358372064
0.341620266438
0.752358372064
0.317210197449
5.01764219335
0.317240774632
5.01764219335
0.390345752239
5.01764219335
0.439174711704
5.01764219335
0.56120544672
5.01764219335
0.683377981186
5.01764219335
0.805685818195
5.01764219335
0.926956117153
5.01764219335
1.07457542419
5.01764219335
1.17203617096
5.01764219335
1.29413080215
5.01764219335
1.44110310078
5.01764219335
1.51387953758
5.01764219335
1.56264746189
5.01764219335
1.56273591518
5.01764219335
1.56257474422
5.01764219335
1.56230819225
5.01764219335
1.58754515648
5.01764219335
1.56209814548
5.01764219335
1.56197810173
5.01764219335
1.56243741512
5.01764219335
1.56160080433
5.01764219335
1.56274783611
5.01764219335
1.56292080879
5.01764219335
1.58728647232
5.01764219335
1.58733022213
1.0357547644
1.58727931976
1.0357547644
1.56290459633
1.0357547644
1.51393866539
1.0357547644
1.49000859261
1.0357547644
1.44071543217
1.0357547644
1.36790621281
1.0357547644
1.26961231232
1.0357547644
1.22054159641
1.0357547644
1.12285518646
1.0357547644
1.04971075058
1.0357547644
0.927793741226
1.0357547644
0.854455292225
1.0357547644
0.830099463463
1.0357547644
0.756851911545
1.0357547644
0.732476592064
1.0357547644
0.707981705666
1.0357547644
0.683327972889
1.0357547644
0.634773552418
1.0357547644
0.634953439236
1.0357547644
0.634868919849
1.0357547644
0.634955585003
1.0357547644
0.610395371914
1.0357547644
0.58598023653
1.0357547644
0.610474169254
1.0357547644
0.610374867916
0.00742154550451
0.58592158556
0.00742154550451
0.586262762547
0.00742154550451
0.561550080776
0.00742154550451
0.512637019157
0.00742154550451
0.439419478178
0.00742154550451
0.390553772449
0.00742154550451
0.341848284006
0.00742154550451
0.292922317982
0.00742154550451
0.219649612904
0.00742154550451
0.146474048495
0.00742154550451
0.0976340472698
0.00742154550451
0.0488404333591
0.00742154550451
0.0244223345071
0.00742154550451
0.0
0.00742154550451
0.0
0.00742154550451
0.0
0.00742154550451
0.0
0.00742154550451
0.0
0.00742154550451
0.0
0.00742154550451
0.0
0.00742154550451
0.0
0.00742154550451
0.0
0.00742154550451
0.0
0.00742154550451
0.0
0.00742154550451
0.0
5.0056441172
0.0
5.0056441172
0.073126219213
5.0056441172
0.195223286748
5.0056441172
0.317320376635
5.0056441172
0.463693350554
5.0056441172
0.634307980537
5.0056441172
0.781071007252
5.0056441172
0.92760938406
5.0056441172
1.07416260242
5.0056441172
1.22051024437
5.0056441172
1.39207792282
5.0056441172
1.48914086819
5.0056441172
1.51364088058
5.0056441172
1.53742027283
5.0056441172
1.53801620007
5.0056441172
1.53796124458
5.0056441172
1.5624474287
5.0056441172
1.56247723103
5.0056441172
1.56249916553
5.0056441172
1.56246936321
5.0056441172
1.56194901466
5.0056441172
1.56220877171
5.0056441172
1.56217634678
5.0056441172
1.5630146265
5.0056441172
1.58691310883
5.08198763208
1.58679318428
5.08198763208
1.56235098839
5.08198763208
1.56262326241
5.08198763208
1.58657717705
5.08198763208
1.61101043224
5.08198763208
1.58651196957
5.08198763208
1.56253576279
5.08198763208
1.56297361851
5.08198763208
1.58750391006
5.08198763208
1.58750808239
5.08198763208
1.5637794733
5.08198763208
1.56307852268
5.08198763208
1.58732020855
5.08198763208
1.58760654926
5.08198763208
1.56336402893
5.08198763208
1.56320643425
5.08198763208
1.58772480488
5.08198763208
1.61170423031
5.08198763208
1.58699762821
5.08198763208
1.5624037981
5.08198763208
1.58673071861
5.08198763208
1.58695054054
5.08198763208
1.58685541153
5.08198763208
1.56242442131
5.08198763208
1.58658230305
3.43255110368
1.58729314804
3.43255110368
1.58663105965
3.43255110368
1.56196713448
3.43255110368
1.56215834618
3.43255110368
1.56180036068
3.43255110368
1.53777265549
3.43255110368
1.53780150414
3.43255110368
1.48897504807
3.43255110368
1.48888683319
3.43255110368
1.44010019302
3.43255110368
1.43972766399
3.43255110368
1.41616165638
3.43255110368
1.41611015797
3.43255110368
1.41601884365
3.43255110368
1.41635930538
3.43255110368
1.39152276516
3.43255110368
1.39121222496
3.43255110368
1.41579627991
3.43255110368
1.41594660282
3.43255110368
1.41620314121
3.43255110368
1.41609609127
3.43255110368
1.41562914848
3.43255110368
1.41587221622
3.43255110368
1.41584932804
3.43255110368
1.41630029678
2.90385768193
1.44059920311
2.90385768193
1.41624331474
2.90385768193
1.41591536999
2.90385768193
1.39165151119
2.90385768193
1.41589152813
2.90385768193
1.39143681526
2.90385768193
1.39145171642
2.90385768193
1.36709475517
2.90385768193
1.3674120903
2.90385768193
1.34261143208
2.90385768193
1.31834316254
2.90385768193
1.34230160713
2.90385768193
1.31855106354
2.90385768193
1.34255456924
2.90385768193
1.31812214851
2.90385768193
1.34248209
2.90385768193
1.34218227863
2.90385768193
1.31793797016
2.90385768193
1.31767940521
2.90385768193
1.34199523926
2.90385768193
1.34200692177
2.90385768193
1.3179513216
2.90385768193
1.34222519398
2.90385768193
1.34263265133
2.90385768193
1.31824612617
5.740719808
1.31820142269
5.740719808
1.31901931763
5.740719808
1.36752426624
5.740719808
1.39222431183
5.740719808
1.41672372818
5.740719808
1.44113445282
5.740719808
1.49037206173
5.740719808
1.51358675957
5.740719808
1.51377820969
5.740719808
1.5866471529
5.740719808
1.61123692989
5.740719808
1.61087977886
5.740719808
1.66029369831
5.740719808
1.63560497761
5.740719808
1.61079132557
5.740719808
1.65875315666
5.740719808
1.63410794735
5.740719808
1.63485956192
5.740719808
1.65916085243
5.740719808
1.63516592979
5.740719808
1.63507175446
5.740719808
1.65940308571
5.740719808
1.60977697372
5.740719808
1.65904045105
5.740719808
1.66002440453
3.47713221015
1.61191189289
3.47713221015
1.63633882999
3.47713221015
1.61252057552
3.47713221015
1.58791410923
3.47713221015
1.58746051788
3.47713221015
1.56348419189
3.47713221015
1.53869903088
3.47713221015
1.51480352879
3.47713221015
1.46514344215
3.47713221015
1.46491837502
3.47713221015
1.46491408348
3.47713221015
1.4404207468
3.47713221015
1.43942046165
3.47713221015
1.44015419483
3.47713221015
1.44016897678
3.47713221015
1.440117836
3.47713221015
1.44050598145
3.47713221015
1.46469080448
3.47713221015
1.4649181366
3.47713221015
1.4397892952
3.47713221015
1.44000315666
3.47713221015
1.44063401222
3.47713221015
1.44047045708
3.47713221015
1.4400165081
3.47713221015
1.44025433064
4.96738452963
1.41517341137
4.96738452963
1.41592943668
4.96738452963
1.41544687748
4.96738452963
1.43988263607
4.96738452963
1.48918259144
4.96738452963
1.48942267895
4.96738452963
1.51344716549
4.96738452963
1.53802669048
4.96738452963
1.53782045841
4.96738452963
1.53823518753
4.96738452963
1.58739876747
4.96738452963
1.61102640629
4.96738452963
1.61109519005
4.96738452963
1.58631074429
4.96738452963
1.58698093891
4.96738452963
1.61099112034
4.96738452963
1.58669829369
4.96738452963
1.58579909801
4.96738452963
1.61152887344
4.96738452963
1.61095643044
4.96738452963
1.58669245243
4.96738452963
1.58652126789
4.96738452963
1.61107265949
4.96738452963
1.61154234409
4.96738452963
1.58623468876
0.34413894471
1.58662176132
0.34413894471
1.56198573112
0.34413894471
1.53871738911
0.34413894471
1.4642393589
0.34413894471
1.41566121578
0.34413894471
1.31786632538
0.34413894471
1.21996212006
0.34413894471
1.09813868999
0.34413894471
0.975944459438
0.34413894471
0.878466129303
0.34413894471
0.73161894083
0.34413894471
0.634149491787
0.34413894471
0.487813204527
0.34413894471
0.390008062124
0.34413894471
0.316870510578
0.34413894471
0.267895251513
0.34413894471
0.195180818439
0.34413894471
0.146376416087
0.34413894471
0.121933184564
0.34413894471
0.0732070878148
0.34413894471
0.0487311929464
0.34413894471
0.0243570934981
0.34413894471
0.0243570934981
0.34413894471
0.0243570934981
0.34413894471
0.0
6.90399250893
0.0
6.90399250893
0.0976117178798
6.90399250893
0.220376640558
6.90399250893
0.415315926075
6.90399250893
0.56468629837
6.90399250893
0.73570805788
6.90399250893
0.906544864178
6.90399250893
1.10121130943
6.90399250893
1.24775314331
6.90399250893
1.42140996456
6.90399250893
1.59624230862
6.90399250893
1.66861128807
6.90399250893
1.71743261814
6.90399250893
1.69000148773
6.90399250893
1.71468758583
6.90399250893
1.71824300289
6.90399250893
1.71654820442
6.90399250893
1.69332408905
6.90399250893
1.71781623363
6.90399250893
1.71435248852
6.90399250893
1.71077346802
6.90399250893
1.68730926514
6.90399250893
1.71085321903
6.90399250893
1.69024443626
6.90399250893
1.71043777466
3.23664967425
1.68275654316
3.23664967425
1.68466174603
3.23664967425
1.68395841122
3.23664967425
1.65945577621
3.23664967425
1.63552641869
3.23664967425
1.61072301865
3.23664967425
1.61061275005
3.23664967425
1.53756070137
3.23664967425
1.51307165623
3.23664967425
1.46504461765
3.23664967425
1.46487128735
3.23664967425
1.44019699097
3.23664967425
1.41576898098
3.23664967425
1.41585314274
3.23664967425
1.41591072083
3.23664967425
1.39161849022
3.23664967425
1.39156341553
3.23664967425
1.41581809521
3.23664967425
1.44023323059
3.23664967425
1.41538918018
3.23664967425
1.41560292244
3.23664967425
1.41580867767
3.23664967425
1.41578602791
3.23664967425
1.41500341892
3.23664967425
1.41529750824
4.962335831
1.4157692194
4.962335831
1.41602301598
4.962335831
1.44150018692
4.962335831
1.44125783443
4.962335831
1.4659050703
4.962335831
1.48991274834
4.962335831
1.51437735558
4.962335831
1.51448047161
4.962335831
1.51523053646
4.962335831
1.53958046436
4.962335831
1.58809375763
4.962335831
1.58761310577
4.962335831
1.58941566944
4.962335831
1.61740231514
4.962335831
1.61743533611
4.962335831
1.5955491066
4.962335831
1.57360184193
4.962335831
1.62287926674
4.962335831
1.622610569
4.962335831
1.59817910194
4.962335831
1.59717905521
4.962335831
1.62252891064
4.962335831
1.59523069859
4.962335831
1.56729495525
4.962335831
1.61686146259
6.64218383192
1.61382949352
6.64218383192
1.6113525629
6.64218383192
1.58680796623
6.64218383192
1.61109900475
6.64218383192
1.63571977615
6.64218383192
1.63599967957
6.64218383192
1.65991485119
6.64218383192
1.66045832634
6.64218383192
1.68440854549
6.64218383192
1.65958213806
6.64218383192
1.68455553055
6.64218383192
1.70908725262
6.64218383192
1.70874488354
6.64218383192
1.70875811577
6.64218383192
1.68399107456
6.64218383192
1.70901632309
6.64218383192
1.68450272083
6.64218383192
1.70931649208
6.64218383192
1.68499183655
6.64218383192
1.70957255363
6.64218383192
1.68527388573
6.64218383192
1.68483150005
6.64218383192
1.68471634388
6.64218383192
1.68543303013
6.64218383192
1.70980548859
3.91123414128
1.66022729874
3.91123414128
1.68497598171
3.91123414128
1.65990829468
3.91123414128
1.6599817276
3.91123414128
1.61133146286
3.91123414128
1.63502383232
3.91123414128
1.61091697216
3.91123414128
1.5858798027
3.91123414128
1.56216752529
3.91123414128
1.56136667728
3.91123414128
1.56277441978
3.91123414128
1.51338076591
3.91123414128
1.51283562183
3.91123414128
1.51376140118
3.91123414128
1.51299166679
3.91123414128
1.513256073
3.91123414128
1.51384949684
3.91123414128
1.51516354084
3.91123414128
1.53805327415
3.91123414128
1.51487088203
3.91123414128
1.51373970509
3.91123414128
1.51168298721
3.91123414128
1.51440858841
3.91123414128
1.5171456337
3.91123414128
1.5175588131
3.50137458276
1.51750278473
3.50137458276
1.49254310131
3.50137458276
1.51582217216
3.50137458276
1.49487841129
3.50137458276
1.4946615696
3.50137458276
1.49494361877
3.50137458276
1.4972897768
3.50137458276
1.47007167339
3.50137458276
1.46968352795
3.50137458276
1.49416470528
3.50137458276
1.44555032253
3.50137458276
1.4928945303
3.50137458276
1.47011315823
3.50137458276
1.46717357635
3.50137458276
1.46420609951
3.50137458276
1.44231402874
3.50137458276
1.44217836857
3.50137458276
1.49144864082
3.50137458276
1.48810493946
3.50137458276
1.44136071205
3.50137458276
1.46872866154
3.50137458276
1.44532835484
3.50137458276
1.4468382597
3.50137458276
1.44996142387
3.50137458276
1.45275652409
0.387434769306
1.47454988956
0.387434769306
1.47473371029
0.387434769306
1.40118134022
0.387434769306
1.35462236404
0.387434769306
1.32818484306
0.387434769306
1.22762560844
0.387434769306
1.13029754162
0.387434769306
1.03012788296
0.387434769306
0.929056227207
0.387434769306
0.831657171249
0.387434769306
0.685327887535
0.387434769306
0.58759355545
0.387434769306
0.49030905962
0.387434769306
0.415088653564
0.387434769306
0.341865062714
0.387434769306
0.293069392443
0.387434769306
0.244218304753
0.387434769306
0.195436924696
0.387434769306
0.195638790727
0.387434769306
0.146650016308
0.387434769306
0.146650016308
0.387434769306
0.0978161469102
0.387434769306
0.0978161469102
0.387434769306
0.0733317434788
0.387434769306
0.0732724815607
2.49597103205
0.0732724815607
2.49597103205
0.0976698696613
2.49597103205
0.146450951695
2.49597103205
0.1951354146
2.49597103205
0.292920649052
2.49597103205
0.390568524599
2.49597103205
0.488223999739
2.49597103205
0.610109746456
2.49597103205
0.732010781765
2.49597103205
0.83206474781
2.49597103205
0.951467216015
2.49597103205
1.07685732841
2.49597103205
1.14998674393
2.49597103205
1.17459237576
2.49597103205
1.19886410236
2.49597103205
1.22314202785
2.49597103205
1.27206170559
2.49597103205
1.24779701233
2.49597103205
1.27242732048
2.49597103205
1.26995849609
2.49597103205
1.27184677124
2.49597103205
1.24493563175
2.49597103205
1.24472856522
2.49597103205
1.26948845387
2.49597103205
1.24499130249
0.473932109774
1.26902532578
0.473932109774
1.22044181824
0.473932109774
1.22038578987
0.473932109774
1.17148303986
0.473932109774
1.11490726471
0.473932109774
1.04906952381
0.473932109774
0.975091814995
0.473932109774
0.877716302872
0.473932109774
0.779627263546
0.473932109774
0.706453740597
0.473932109774
0.584923684597
0.473932109774
0.511414706707
0.473932109774
0.438238412142
0.473932109774
0.340609788895
0.473932109774
0.324028849602
0.473932109774
0.268575847149
0.473932109774
0.219677090645
0.473932109774
0.219719037414
0.473932109774
0.195262864232
0.473932109774
0.170876547694
0.473932109774
0.146446764469
0.473932109774
0.146379157901
0.473932109774
0.146298319101
0.473932109774
0.146298319101
0.473932109774
0.0974805057049
0.052242542115
0.0974805057049
0.052242542115
0.121978417039
0.052242542115
0.0976085364819
0.052242542115
0.0732209011912
0.052242542115
0.0732209011912
0.052242542115
0.0732209011912
0.052242542115
0.0488058701158
0.052242542115
0.024497911334
0.052242542115
0.024497911334
0.052242542115
0.024497911334
0.052242542115
0.024497911334
0.052242542115
0.0
0.052242542115
0.0
0.052242542115
0.0
0.052242542115
0.0
0.052242542115
0.0
0.052242542115
0.0
0.052242542115
0.0
0.052242542115
0.0
0.052242542115
0.0
0.052242542115
0.0
0.052242542115
0.0
0.052242542115
0.0
0.052242542115
0.0
0.052242542115
0.0
3.6373532662
0.0
3.6373532662
0.0488315299153
3.6373532662
0.122019767761
3.6373532662
0.268330693245
3.6373532662
0.366118252277
3.6373532662
0.511870622635
3.6373532662
0.65882897377
3.6373532662
0.805573582649
3.6373532662
0.927719533443
3.6373532662
1.07379674911
3.6373532662
1.22058963776
3.6373532662
1.31820809841
3.6373532662
1.39055848122
3.6373532662
1.36704051495
3.6373532662
1.41587984562
3.6373532662
1.41649353504
3.6373532662
1.41611385345
3.6373532662
1.41575360298
3.6373532662
1.43991065025
3.6373532662
1.43953895569
3.6373532662
1.44274806976
3.6373532662
1.44334566593
3.6373532662
1.44381821156
3.6373532662
1.47079348564
3.6373532662
1.47060251236
3.14888991972
1.47048544884
3.14888991972
1.47056269646
3.14888991972
1.47053647041
3.14888991972
1.44600355625
3.14888991972
1.44624304771
3.14888991972
1.42148423195
3.14888991972
1.4210934639
3.14888991972
1.4210395813
3.14888991972
1.42074096203
3.14888991972
1.39638674259
3.14888991972
1.39632821083
3.14888991972
1.37162578106
3.14888991972
1.37204921246
3.14888991972
1.39638841152
3.14888991972
1.39695906639
3.14888991972
1.41803026199
3.14888991972
1.39383888245
3.14888991972
1.39392578602
3.14888991972
1.36677336693
3.14888991972
1.3914949894
3.14888991972
1.39125299454
3.14888991972
1.41596341133
3.14888991972
1.39122641087
3.14888991972
1.39232695103
3.14888991972
1.36785006523
2.25274213671
1.36741888523
2.25274213671
1.39209723473
2.25274213671
1.39230120182
2.25274213671
1.36755847931
2.25274213671
1.36710953712
2.25274213671
1.32063221931
2.25274213671
1.32023835182
2.25274213671
1.29733836651
2.25274213671
1.29941415787
2.25274213671
1.27700674534
2.25274213671
1.27714574337
2.25274213671
1.227643013
2.25274213671
1.2036755085
2.25274213671
1.22816169262
2.25274213671
1.20386755466
2.25274213671
1.25071787834
2.25274213671
1.20382535458
2.25274213671
1.25064492226
2.25274213671
1.20115840435
2.25274213671
1.25095391273
2.25274213671
1.20173537731
2.25274213671
1.22868132591
2.25274213671
1.22809779644
2.25274213671
1.20629870892
2.25274213671
1.23066973686
1.42216676192
1.18187379837
1.42216676192
1.22863900661
1.42216676192
1.18053150177
1.42216676192
1.17811489105
1.42216676192
1.12644398212
1.42216676192
1.12883710861
1.42216676192
1.10389912128
1.42216676192
1.05517292023
1.42216676192
1.0544230938
1.42216676192
1.00720345974
1.42216676192
0.983804345131
1.42216676192
0.936179280281
1.42216676192
0.93593609333
1.42216676192
0.936186850071
1.42216676192
0.911711037159
1.42216676192
0.885454058647
1.42216676192
0.885479569435
1.42216676192
0.910127520561
1.42216676192
0.883855223656
1.42216676192
0.857903182507
1.42216676192
0.881332039833
1.42216676192
0.880519092083
1.42216676192
0.880244016647
1.42216676192
0.857376098633
1.42216676192
0.881470322609
0.52803762879
0.883139193058
0.52803762879
0.880953609943
0.52803762879
0.833111047745
0.52803762879
0.809517145157
0.52803762879
0.785281479359
0.52803762879
0.736362457275
0.52803762879
0.688510358334
0.52803762879
0.615589618683
0.52803762879
0.565161168575
0.52803762879
0.492695808411
0.52803762879
0.44240874052
0.52803762879
0.369872301817
0.52803762879
0.344496428967
0.52803762879
0.319268465042
0.52803762879
0.294519275427
0.52803762879
0.270341694355
0.52803762879
0.245000883937
0.52803762879
0.220583215356
0.52803762879
0.22057916224
0.52803762879
0.22016069293
0.52803762879
0.195838987827
0.52803762879
0.220054343343
0.52803762879
0.195654034615
0.52803762879
0.171236515045
0.52803762879
0.171373322606
6.49354692616
0.171241357923
6.49354692616
0.219982326031
6.49354692616
0.366815686226
6.49354692616
0.488771915436
6.49354692616
0.635397315025
6.49354692616
0.781426668167
6.49354692616
0.928104817867
6.49354692616
1.09858310223
6.49354692616
1.27002632618
6.49354692616
1.3921790123
6.49354692616
1.53860461712
6.49354692616
1.63635230064
6.49354692616
1.65969491005
6.49354692616
1.6844316721
6.49354692616
1.68442249298
6.49354692616
1.70910143852
6.49354692616
1.68473267555
6.49354692616
1.68329548836
6.49354692616
1.68337678909
6.49354692616
1.70785534382
6.21735289264
0.0
6.21735289264
0.0
6.21735289264
0.0
6.21735289264
0.0
6.21735289264
0.0488289035857
6.21735289264
0.195088326931
6.21735289264
0.316476404667
6.21735289264
0.487052351236
6.21735289264
0.633407831192
6.21735289264
0.779762506485
6.21735289264
0.926091730595
6.21735289264
1.12109386921
6.21735289264
1.26727306843
6.21735289264
1.41370809078
6.21735289264
1.5355232954
6.21735289264
1.55995893478
6.21735289264
1.58494389057
6.21735289264
1.58485949039
6.21735289264
1.60928571224
6.21735289264
1.60926735401
6.21735289264
1.60927784443
6.21735289264
1.60738909245
6.21735289264
1.60740041733
6.21735289264
1.63185024261
6.21735289264
1.6325968504
1.34549992102
1.60883104801
1.34549992102
1.60862600803
1.34549992102
1.58495986462
1.34549992102
1.51183831692
1.34549992102
1.46308922768
1.34549992102
1.41451776028
1.34549992102
1.31864082813
1.34549992102
1.24578225613
1.34549992102
1.14814817905
1.34549992102
1.07432472706
1.34549992102
1.00093197823
1.34549992102
0.927959799767
1.34549992102
0.854315161705
1.34549992102
0.829667568207
1.34549992102
0.805248439312
1.34549992102
0.7806173563
1.34549992102
0.756725072861
1.34549992102
0.75661110878
1.34549992102
0.756858050823
1.34549992102
0.732519507408
1.34549992102
0.732248723507
1.34549992102
0.732235610485
1.34549992102
0.732358574867
1.34549992102
0.732533037663
1.34549992102
0.732564508915
3.49357842029
0.732643127441
3.49357842029
0.756998240948
3.49357842029
0.781233012676
3.49357842029
0.829813420773
3.49357842029
0.8788189888
3.49357842029
0.952069759369
3.49357842029
1.00081300735
3.49357842029
1.04961502552
3.49357842029
1.12234437466
3.49357842029
1.19629204273
3.49357842029
1.24507558346
3.49357842029
1.29351532459
3.49357842029
1.31815969944
3.49357842029
1.34228956699
3.49357842029
1.36601138115
3.49357842029
1.36680567265
3.49357842029
1.36676931381
3.49357842029
1.3665522337
3.49357842029
1.36725485325
3.49357842029
1.36669778824
3.49357842029
1.39113438129
3.49357842029
1.36739897728
3.49357842029
1.36722767353
3.49357842029
1.36756598949
3.49357842029
1.36794686317
4.28420632171
1.34278488159
4.28420632171
1.36638653278
4.28420632171
1.39134538174
4.28420632171
1.39171373844
4.28420632171
1.39138662815
4.28420632171
1.39108967781
4.28420632171
1.39118218422
4.28420632171
1.44014132023
4.28420632171
1.43977069855
4.28420632171
1.46400129795
4.28420632171
1.46427154541
4.28420632171
1.46538805962
4.28420632171
1.46419417858
4.28420632171
1.46430623531
4.28420632171
1.48783028126
4.28420632171
1.48835849762
4.28420632171
1.51207816601
4.28420632171
1.48777902126
4.28420632171
1.46383190155
4.28420632171
1.43938136101
4.28420632171
1.46373939514
4.28420632171
1.46404528618
4.28420632171
1.46542060375
4.28420632171
1.48543465137
4.28420632171
1.44027268887
0.853560701433
1.44264066219
0.853560701433
1.42052948475
0.853560701433
1.39818441868
0.853560701433
1.37380480766
0.853560701433
1.30086827278
0.853560701433
1.2514731884
0.853560701433
1.15435099602
0.853560701433
1.05603897572
0.853560701433
0.96355676651
0.853560701433
0.887784123421
0.853560701433
0.763150572777
0.853560701433
0.687780678272
0.853560701433
0.612383902073
0.853560701433
0.563466727734
0.853560701433
0.539056241512
0.853560701433
0.490378886461
0.853560701433
0.465031981468
0.853560701433
0.465221524239
0.853560701433
0.414983034134
0.853560701433
0.414874047041
0.853560701433
0.439381122589
0.853560701433
0.43938344717
0.853560701433
0.415448069572
0.853560701433
0.415375798941
0.853560701433
0.390984535217
4.61791078341
0.390925943851
4.61791078341
0.464058279991
4.61791078341
0.514785587788
4.61791078341
0.637041449547
4.61791078341
0.710159957409
4.61791078341
0.810411632061
4.61791078341
0.907905101776
4.61791078341
1.05684351921
4.61791078341
1.15443396568
4.61791078341
1.27805519104
4.61791078341
1.37551164627
4.61791078341
1.42433321476
4.61791078341
1.47081589699
4.61791078341
1.47148144245
4.61791078341
1.49604427814
4.61791078341
1.49273860455
4.61791078341
1.49271941185
4.61791078341
1.49002325535
4.61791078341
1.4658113718
4.61791078341
1.46448194981
4.61791078341
1.48861122131
4.61791078341
1.51366841793
4.61791078341
1.51406490803
4.61791078341
1.51342487335
4.61791078341
1.51252770424
6.76120646248
1.51300573349
6.76120646248
1.51325917244
6.76120646248
1.51268839836
6.76120646248
1.56158363819
6.76120646248
1.5612937212
6.76120646248
1.56225061417
6.76120646248
1.56206583977
6.76120646248
1.58611249924
6.76120646248
1.61099350452
6.76120646248
1.63597393036
6.76120646248
1.6608093977
6.76120646248
1.66090834141
6.76120646248
1.66105401516
6.76120646248
1.66118216515
6.76120646248
1.6855442524
6.76120646248
1.6858369112
6.76120646248
1.66123700142
6.76120646248
1.66180145741
6.76120646248
1.66003203392
6.76120646248
1.65996897221
6.76120646248
1.66003656387
6.76120646248
1.68434846401
6.76120646248
1.68406760693
6.76120646248
1.65976536274
6.76120646248
1.65948438644
5.4497130968
1.65923082829
5.4497130968
1.68362879753
5.4497130968
1.65878939629
5.4497130968
1.66012763977
5.4497130968
1.63629841805
5.4497130968
1.61107373238
5.4497130968
1.6357486248
5.4497130968
1.61177647114
5.4497130968
1.61164271832
5.4497130968
1.61198377609
5.4497130968
1.58711516857
5.4497130968
1.58687496185
5.4497130968
1.58682787418
5.4497130968
1.58688831329
5.4497130968
1.61107599735
5.4497130968
1.61146402359
5.4497130968
1.56254398823
5.4497130968
1.56281578541
5.4497130968
1.61143326759
5.4497130968
1.58759999275
5.4497130968
1.58748209476
5.4497130968
1.58723342419
5.4497130968
1.61569464207
5.4497130968
1.59107816219
5.4497130968
1.56662273407
1.53918553821
1.59086859226
1.53918553821
1.59039473534
1.53918553821
1.56665086746
1.53918553821
1.51842236519
1.53918553821
1.46919620037
1.53918553821
1.420140028
1.53918553821
1.34759163857
1.53918553821
1.27022838593
1.53918553821
1.22175836563
1.53918553821
1.17303407192
1.53918553821
1.10001528263
1.53918553821
1.05144071579
1.53918553821
1.02603650093
1.53918553821
0.952054560184
1.53918553821
0.95214766264
1.53918553821
0.928079724312
1.53918553821
0.928416132927
1.53918553821
0.928718566895
1.53918553821
0.928395688534
1.53918553821
0.903925597668
1.53918553821
0.903852164745
1.53918553821
0.879478514194
1.53918553821
0.879652559757
1.53918553821
0.904090225697
1.53918553821
0.903872191906
4.54244434223
0.903844714165
4.54244434223
0.927635073662
4.54244434223
0.951846539974
4.54244434223
1.00081932545
4.54244434223
1.07406878471
4.54244434223
1.12238800526
4.54244434223
1.19588732719
4.54244434223
1.24467003345
4.54244434223
1.29356026649
4.54244434223
1.36707890034
4.54244434223
1.43998217583
4.54244434223
1.46441304684
4.54244434223
1.4891974926
4.54244434223
1.48857367039
4.54244434223
1.48915934563
4.54244434223
1.48935759068
4.54244434223
1.51380479336
4.54244434223
1.5137784481
4.54244434223
1.53830850124
4.54244434223
1.51361751556
4.54244434223
1.51356971264
4.54244434223
1.51369869709
4.54244434223
1.51389014721
4.54244434223
1.51433324814
4.54244434223
1.5137257576
5.83496860021
1.51396644115
5.83496860021
1.489346385
5.83496860021
1.51332318783
5.83496860021
1.51262581348
5.83496860021
1.51326739788
5.83496860021
1.53792369366
5.83496860021
1.56209337711
5.83496860021
1.56175112724
5.83496860021
1.56199789047
5.83496860021
1.56148648262
5.83496860021
1.61062312126
5.83496860021
1.61077404022
5.83496860021
1.61050093174
5.83496860021
1.58728075027
5.83496860021
1.61102962494
5.83496860021
1.586409688
5.83496860021
1.58645367622
5.83496860021
1.61133563519
5.83496860021
1.61068248749
5.83496860021
1.61148381233
5.83496860021
1.5622702837
5.83496860021
1.58579397202
5.83496860021
1.58701884747
5.83496860021
1.58628106117
5.83496860021
1.58602535725
3.91545506403
1.6112755537
3.91545506403
1.58673155308
3.91545506403
1.56164848804
3.91545506403
1.56219530106
3.91545506403
1.56240105629
3.91545506403
1.56196260452
3.91545506403
1.53849339485
3.91545506403
1.51408529282
3.91545506403
1.51365435123
3.91545506403
1.49003171921
3.91545506403
1.46503317356
3.91545506403
1.46514689922
3.91545506403
1.46528935432
3.91545506403
1.46489179134
3.91545506403
1.46474146843
3.91545506403
1.46521651745
3.91545506403
1.46493411064
3.91545506403
1.46395611763
3.91545506403
1.46442818642
3.91545506403
1.46421432495
3.91545506403
1.46402788162
3.91545506403
1.46475481987
3.91545506403
1.4648501873
3.91545506403
1.46498310566
3.91545506403
1.46461951733
3.31263632773
1.46469628811
3.31263632773
1.48907124996
3.31263632773
1.46516609192
3.31263632773
1.46539759636
3.31263632773
1.46501553059
3.31263632773
1.46522819996
3.31263632773
1.44001436234
3.31263632773
1.43991887569
3.31263632773
1.41554534435
3.31263632773
1.41574656963
3.31263632773
1.41586816311
3.31263632773
1.38903474808
3.31263632773
1.41502916813
3.31263632773
1.39034187794
3.31263632773
1.39046263695
3.31263632773
1.36690914631
3.31263632773
1.39143633842
3.31263632773
1.39189624786
3.31263632773
1.41633546352
3.31263632773
1.39182567596
3.31263632773
1.39092361927
3.31263632773
1.39642119408
3.31263632773
1.37207615376
3.31263632773
1.39745867252
3.31263632773
1.40023839474
0.8
1.42383992672
0.8
1.39953255653
0.8
1.37448811531
0.8
1.32572543621
0.8
1.27663481236
0.8
1.20588469505
0.8
1.12941157818
0.8
1.08039391041
0.8
0.981747925282
0.8
0.882229268551
0.8
0.784769117832
0.8
0.711322128773
0.8
0.638330936432
0.8
0.589356422424
0.8
0.56519973278
0.8
0.539073765278
0.8
0.490972936153
0.8
0.465031892061
0.8
0.440632641315
0.8
0.439723342657
0.8
0.439704924822
0.8
0.439705818892
0.8
0.415196448565
0.8
0.415323704481
0.8
0.391001522541
0.8
0.390732854605
0.8
0.415013700724
0.8
0.414931446314
0.8
0.41499376297
0.8
0.390540838242
0.8
0.390402913094
0.8
0.390541702509
0.8
0.390638798475
0.8
0.365994036198
0.8
0.390545010567
0.8
0.390987277031
0.8
0.390595376492
0.8
0.365711480379
0.8
0.366266310215
0.8
0.390698522329
0.8
0.389674901962
0.8
0.390728235245
0.8
0.390742450953
0.8
0.390333265066
0.8
0.391397476196
0.8
0.391172885895
0.8
0.366796821356
0.8
0.367364197969
0.8
0.391126513481
0.8
0.391071468592
4.63301707219
0.392266005278
4.63301707219
0.391132801771
4.63301707219
0.513227522373
4.63301707219
0.611187040806
4.63301707219
0.708116233349
4.63301707219
0.801886737347
4.63301707219
0.927960455418
4.63301707219
1.07330739498
4.63301707219
1.17184650898
4.63301707219
1.27136957645
4.63301707219
1.36962127686
4.63301707219
1.46738600731
4.63301707219
1.46740448475
4.63301707219
1.51609563828
4.63301707219
1.54008746147
4.63301707219
1.54383444786
4.63301707219
1.54039788246
4.63301707219
1.51691615582
4.63301707219
1.51628530025
4.63301707219
1.51448619366
4.63301707219
1.5379281044
4.63301707219
1.56261253357
4.63301707219
1.56249165535
4.63301707219
1.53853797913
4.63301707219
1.51390063763
0.8
1.51414597034
0.8
1.51314234734
0.8
1.51384627819
0.8
1.46449065208
0.8
1.41617691517
0.8
1.29432094097
0.8
1.22072911263
0.8
1.12319231033
0.8
1.04973077774
0.8
0.952232658863
0.8
0.879050970078
0.8
0.781800568104
0.8
0.683609068394
0.8
0.635067522526
0.8
0.561351835728
0.8
0.561430931091
0.8
0.488158673048
0.8
0.488131761551
0.8
0.463812887669
0.8
0.464702248573
0.8
0.440195411444
0.8
0.415784150362
0.8
0.391747742891
0.8
0.39280846715
0.8
0.416911095381
0.8
0.392406791449
0.8
0.417060703039
0.8
0.392582595348
0.8
0.39256310463
0.8
0.391689836979
0.8
0.367418318987
0.8
0.391817599535
0.8
0.416014820337
0.8
0.415206700563
0.8
0.415463447571
0.8
0.415546089411
0.8
0.415420174599
0.8
0.439822375774
0.8
0.439903378487
0.8
0.415400534868
0.8
0.415360093117
0.8
0.415261149406
0.8
0.416039943695
0.8
0.415847033262
0.8
0.415908038616
0.8
0.440172672272
0.8
0.416143745184
0.8
0.391704857349
0.8
0.39247906208
0.8
0.417952090502
3.28131202796
0.417951494455
3.28131202796
0.442479759455
3.28131202796
0.490186423063
3.28131202796
0.539014160633
3.28131202796
0.636932015419
3.28131202796
0.71026301384
3.28131202796
0.831660926342
3.28131202796
0.929449141026
3.28131202796
1.02624666691
3.28131202796
1.09838318825
3.28131202796
1.22058224678
3.28131202796
1.26935100555
3.28131202796
1.31829547882
3.28131202796
1.36690449715
3.28131202796
1.3662776947
3.28131202796
1.36847937107
3.28131202796
1.3445905447
3.28131202796
1.36885118484
3.28131202796
1.36896836758
3.28131202796
1.39347684383
3.28131202796
1.39327096939
3.28131202796
1.39298450947
3.28131202796
1.36907446384
3.28131202796
1.36877143383
3.28131202796
1.36908507347
6.4261971908
1.39137005806
6.4261971908
1.41537618637
6.4261971908
1.41561090946
6.4261971908
1.43976128101
6.4261971908
1.46396231651
6.4261971908
1.46369612217
6.4261971908
1.53805589676
6.4261971908
1.58637011051
6.4261971908
1.61135518551
6.4261971908
1.61136746407
6.4261971908
1.6357178688
6.4261971908
1.66035366058
6.4261971908
1.68449151516
6.4261971908
1.68446087837
6.4261971908
1.68505311012
6.4261971908
1.70899522305
6.4261971908
1.66008591652
6.4261971908
1.66002976894
6.4261971908
1.66026210785
6.4261971908
1.68428385258
6.4261971908
1.68340694904
6.4261971908
1.6842867136
6.4261971908
1.68444085121
6.4261971908
1.66044640541
6.4261971908
1.68463337421
1.29072704945
1.65981841087
1.29072704945
1.68490207195
1.29072704945
1.63597881794
1.29072704945
1.58713126183
1.29072704945
1.53876435757
1.29072704945
1.46634066105
1.29072704945
1.3919852972
1.29072704945
1.31909871101
1.29072704945
1.26963639259
1.29072704945
1.17231738567
1.29072704945
1.10024654865
1.29072704945
1.00122952461
1.29072704945
0.976913154125
1.29072704945
0.927572607994
1.29072704945
0.878728687763
1.29072704945
0.878616571426
1.29072704945
0.8301653862
1.29072704945
0.829747617245
1.29072704945
0.805598020554
1.29072704945
0.780779421329
1.29072704945
0.80520349741
1.29072704945
0.805352628231
1.29072704945
0.781243681908
1.29072704945
0.803799390793
1.29072704945
0.780336976051
4.11068023588
0.780948996544
4.11068023588
0.829195320606
4.11068023588
0.829151570797
4.11068023588
0.903040349483
4.11068023588
0.976274847984
4.11068023588
1.02453899384
4.11068023588
1.10071480274
4.11068023588
1.17643201351
4.11068023588
1.22739577293
4.11068023588
1.3243085146
4.11068023588
1.37261974812
4.11068023588
1.44618356228
4.11068023588
1.49440646172
4.11068023588
1.46997582912
4.11068023588
1.46982169151
4.11068023588
1.49478554726
4.11068023588
1.49183678627
4.11068023588
1.48900640011
4.11068023588
1.4889844656
4.11068023588
1.51305246353
4.11068023588
1.5131111145
4.11068023588
1.46439898014
4.11068023588
1.48838222027
4.11068023588
1.51329088211
4.11068023588
1.5132689476
3.29660889727
1.48887860775
3.29660889727
1.48851120472
3.29660889727
1.48861777782
3.29660889727
1.4643291235
3.29660889727
1.44033408165
3.29660889727
1.46488034725
3.29660889727
1.46476042271
3.29660889727
1.4413869381
3.29660889727
1.41591382027
3.29660889727
1.41616714001
3.29660889727
1.41581964493
3.29660889727
1.41565930843
3.29660889727
1.41616308689
3.29660889727
1.41602504253
3.29660889727
1.41571962833
3.29660889727
1.39127218723
3.29660889727
1.39132773876
3.29660889727
1.39137589931
3.29660889727
1.41505658627
3.29660889727
1.4156434536
3.29660889727
1.41593933105
3.29660889727
1.41630160809
3.29660889727
1.39125359058
3.29660889727
1.39145004749
3.29660889727
1.39149391651
1.6421673317
1.39114201069
1.6421673317
1.4153547287
1.6421673317
1.3909637928
1.6421673317
1.36730206013
1.6421673317
1.31778562069
1.6421673317
1.26901710033
1.6421673317
1.24427986145
1.6421673317
1.24468994141
1.6421673317
1.22037947178
1.6421673317
1.17154014111
1.6421673317
1.12306511402
1.6421673317
1.09865891933
1.6421673317
1.07417666912
1.6421673317
1.04974710941
1.6421673317
1.02528989315
1.6421673317
1.02533137798
1.6421673317
1.00124073029
1.6421673317
0.976671159267
1.6421673317
0.976274251938
1.6421673317
0.976041615009
1.6421673317
0.976250350475
1.6421673317
0.951575636864
1.6421673317
0.975907802582
1.6421673317
0.95168107748
1.6421673317
0.976462721825
2.44793899849
0.976435899734
2.44793899849
0.976399183273
2.44793899849
1.00073349476
2.44793899849
1.00075793266
2.44793899849
1.04979753494
2.44793899849
1.04948103428
2.44793899849
1.09824419022
2.44793899849
1.07430422306
2.44793899849
1.14692485332
2.44793899849
1.14682900906
2.44793899849
1.17138600349
2.44793899849
1.19541251659
2.44793899849
1.21995437145
2.44793899849
1.24431848526
2.44793899849
1.21911752224
2.44793899849
1.24466323853
2.44793899849
1.2197676897
2.44793899849
1.24397683144
2.44793899849
1.22013127804
2.44793899849
1.24350988865
2.44793899849
1.24363648891
2.44793899849
1.24455499649
2.44793899849
1.22048008442
2.44793899849
1.2450773716
2.44793899849
1.22154510021
6.62378207073
1.24520576
6.62378207073
1.26977646351
6.62378207073
1.29479706287
6.62378207073
1.34336698055
6.62378207073
1.3931170702
6.62378207073
1.44137775898
6.62378207073
1.46501147747
6.62378207073
1.51374030113
6.62378207073
1.56260716915
6.62378207073
1.61135792732
6.62378207073
1.66013562679
6.62378207073
1.66066455841
6.62378207073
1.65962576866
6.62378207073
1.68449091911
6.62378207073
1.65948009491
6.62378207073
1.68329966068
6.62378207073
1.68353009224
6.62378207073
1.70798420906
6.62378207073
1.65888214111
6.62378207073
1.6834706068
6.62378207073
1.65882575512
6.62378207073
1.68336105347
6.62378207073
1.7080193758
6.62378207073
1.68418157101
6.62378207073
1.71193647385
1.79107597864
1.664306283
1.79107597864
1.66425478458
1.79107597864
1.61570823193
1.79107597864
1.61553645134
1.79107597864
1.56650853157
1.79107597864
1.51747453213
1.79107597864
1.44406414032
1.79107597864
1.37130665779
1.79107597864
1.32157826424
1.79107597864
1.26931154728
1.79107597864
1.22024917603
1.79107597864
1.17135000229
1.79107597864
1.12206506729
1.79107597864
1.09787845612
1.79107597864
1.07331418991
1.79107597864
1.07359468937
1.79107597864
1.07432198524
1.79107597864
1.07385253906
1.79107597864
1.04988670349
1.79107597864
1.02564394474
1.79107597864
1.05033552647
1.79107597864
1.07489359379
1.79107597864
1.07467484474
1.79107597864
1.04962062836
1.79107597864
1.04803264141
5.44746766736
1.02590990067
5.44746766736
1.07422280312
5.44746766736
1.12343776226
5.44746766736
1.1718621254
5.44746766736
1.22096407413
5.44746766736
1.26954841614
5.44746766736
1.31832647324
5.44746766736
1.36716175079
5.44746766736
1.41673600674
5.44746766736
1.51594734192
5.44746766736
1.56246638298
5.44746766736
1.56248569489
5.44746766736
1.58654558659
5.44746766736
1.61098885536
5.44746766736
1.6108944416
5.44746766736
1.61049962044
5.44746766736
1.61080932617
5.44746766736
1.61100041866
5.44746766736
1.61072182655
5.44746766736
1.58659636974
5.44746766736
1.61103129387
5.44746766736
1.6109752655
5.44746766736
1.58659493923
5.44746766736
1.58665108681
5.44746766736
1.61081528664
1.94176862215
1.58702194691
1.94176862215
1.56216549873
1.94176862215
1.56209266186
1.94176862215
1.5618994236
1.94176862215
1.48850929737
1.94176862215
1.46392393112
1.94176862215
1.41549181938
1.94176862215
1.39074683189
1.94176862215
1.34226381779
1.94176862215
1.2690076828
1.94176862215
1.24415171146
1.94176862215
1.22021567822
1.94176862215
1.17151010036
1.94176862215
1.12321674824
1.94176862215
1.14735198021
1.94176862215
1.12334895134
1.94176862215
1.12292182446
1.94176862215
1.09854531288
1.94176862215
1.12185359001
1.94176862215
1.14476191998
1.94176862215
1.1205791235
1.94176862215
1.12014639378
1.94176862215
1.14458966255
1.94176862215
1.14436471462
1.94176862215
1.12016129494
4.19152037787
1.12011218071
4.19152037787
1.14428496361
4.19152037787
1.19362401962
4.19152037787
1.19421100616
4.19152037787
1.22062849998
4.19152037787
1.2694196701
4.19152037787
1.29366803169
4.19152037787
1.31804358959
4.19152037787
1.36694192886
4.19152037787
1.44343471527
4.19152037787
1.46462655067
4.19152037787
1.49299108982
4.19152037787
1.49341917038
4.19152037787
1.49281048775
4.19152037787
1.49279999733
4.19152037787
1.51734614372
4.19152037787
1.51430213451
4.19152037787
1.51426172256
4.19152037787
1.51428365707
4.19152037787
1.48977506161
4.19152037787
1.49320554733
4.19152037787
1.48927164078
4.19152037787
1.51367676258
4.19152037787
1.51412069798
4.19152037787
1.51046466827
2.02806669911
1.48623919487
2.02806669911
1.49167430401
2.02806669911
1.46736037731
2.02806669911
1.4648911953
2.02806669911
1.43753898144
2.02806669911
1.41257333755
2.02806669911
1.3881456852
2.02806669911
1.33925533295
2.02806669911
1.29055249691
2.02806669911
1.26974749565
2.02806669911
1.2452070713
2.02806669911
1.21824264526
2.02806669911
1.22094595432
2.02806669911
1.17475426197
2.02806669911
1.17165017128
2.02806669911
1.17219293118
2.02806669911
1.14926683903
2.02806669911
1.14926970005
2.02806669911
1.17394423485
2.02806669911
1.14939188957
2.02806669911
1.14936482906
2.02806669911
1.14951980114
2.02806669911
1.12236893177
2.02806669911
1.14656150341
2.02806669911
1.14949035645
1.73539101823
1.12473964691
1.73539101823
1.17188453674
1.73539101823
1.14696621895
1.73539101823
1.12269294262
1.73539101823
1.14711403847
1.73539101823
1.12313938141
1.73539101823
1.12318503857
1.73539101823
1.12319743633
1.73539101823
1.09669816494
1.73539101823
1.0722874403
1.73539101823
1.07220625877
1.73539101823
1.04832363129
1.73539101823
1.04794955254
1.73539101823
1.07513844967
1.73539101823
1.05086374283
1.73539101823
1.05019307137
1.73539101823
1.02608954906
1.73539101823
1.02597880363
1.73539101823
1.02795815468
1.73539101823
1.05255877972
1.73539101823
1.05251038074
1.73539101823
1.02797400951
1.73539101823
1.05288159847
1.73539101823
1.02581763268
1.73539101823
1.02539598942
4.43185729763
1.02576744556
4.43185729763
1.04992830753
4.43185729763
1.07433950901
4.43185729763
1.1231662035
4.43185729763
1.14760541916
4.43185729763
1.22101378441
4.43185729763
1.29414319992
4.43185729763
1.31847941875
4.43185729763
1.36636042595
4.43185729763
1.41607260704
4.43185729763
1.46467852592
4.43185729763
1.51338398457
4.43185729763
1.53760123253
4.43185729763
1.56239831448
4.43185729763
1.56173503399
4.43185729763
1.53761148453
4.43185729763
1.51293838024
4.43185729763
1.51327776909
4.43185729763
1.53832697868
4.43185729763
1.53731405735
4.43185729763
1.56213223934
4.43185729763
1.53797578812
4.43185729763
1.53805291653
4.43185729763
1.51366686821
4.43185729763
1.51346969604
0.8
1.53801476955
0.8
1.53820109367
0.8
1.51354372501
0.8
1.4399266243
0.8
1.39189970493
0.8
1.31824684143
0.8
1.22037792206
0.8
1.17232322693
0.8
1.07429802418
0.8
0.977323830128
0.8
0.879469811916
0.8
0.781893849373
0.8
0.732894420624
0.8
0.684574663639
0.8
0.635013222694
0.8
0.586323797703
0.8
0.586804807186
0.8
0.512823402882
0.8
0.513068318367
0.8
0.488614946604
0.8
0.463831484318
0.8
0.464033842087
0.8
0.439405441284
0.8
0.439482986927
0.8
0.41549295187
5.21430170464
0.415184289217
5.21430170464
0.439217984676
5.21430170464
0.561714589596
5.21430170464
0.659246146679
5.21430170464
0.780797898769
5.21430170464
0.903296649456
5.21430170464
1.02505016327
5.21430170464
1.12282681465
5.21430170464
1.22051250935
5.21430170464
1.36666691303
5.21430170464
1.48920989037
5.21430170464
1.56278121471
5.21430170464
1.56235325336
5.21430170464
1.5868897438
5.21430170464
1.6110804081
5.21430170464
1.58679664135
5.21430170464
1.56238353252
5.21430170464
1.58699297905
5.21430170464
1.61116969585
5.21430170464
1.58693361282
5.21430170464
1.56210243702
5.21430170464
1.58640551567
5.21430170464
1.63541412354
5.21430170464
1.61022746563
5.21430170464
1.58672118187
2.60681163377
1.61115717888
2.60681163377
1.6114128828
2.60681163377
1.58676671982
2.60681163377
1.56250846386
2.60681163377
1.53809213638
2.60681163377
1.53808069229
2.60681163377
1.5136961937
2.60681163377
1.4157782793
2.60681163377
1.41665959358
2.60681163377
1.41632187366
2.60681163377
1.36676752567
2.60681163377
1.34251511097
2.60681163377
1.34249675274
2.60681163377
1.31795847416
2.60681163377
1.31785166264
2.60681163377
1.31816840172
2.60681163377
1.29358196259
2.60681163377
1.31781208515
2.60681163377
1.31794726849
2.60681163377
1.31749463081
2.60681163377
1.31809282303
2.60681163377
1.31722819805
2.60681163377
1.31799829006
2.60681163377
1.29351592064
2.60681163377
1.31796574593
0.8
1.31812512875
0.8
1.31815862656
0.8
1.29414951801
0.8
1.22067320347
0.8
1.17189443111
0.8
1.12282800674
0.8
1.07500338554
0.8
0.976500928402
0.8
0.952264428139
0.8
0.854724168777
0.8
0.781377434731
0.8
0.708213567734
0.8
0.659114599228
0.8
0.634748280048
0.8
0.586159408092
0.8
0.56173157692
0.8
0.537199616432
0.8
0.512939929962
0.8
0.488330364227
0.8
0.464050114155
0.8
0.439126223326
0.8
0.439244955778
0.8
0.439405292273
0.8
0.439061492682
0.8
0.439446568489
4.18938166406
0.439345926046
4.18938166406
0.463750809431
4.18938166406
0.561498403549
4.18938166406
0.655853807926
4.18938166406
0.780669867992
4.18938166406
0.87898015976
4.18938166406
0.952074110508
4.18938166406
1.04982626438
4.18938166406
1.14447844028
4.18938166406
1.24522411823
4.18938166406
1.34297430515
4.18938166406
1.41609799862
4.18938166406
1.46385228634
4.18938166406
1.46751821041
4.18938166406
1.46444237232
4.18938166406
1.48904573917
4.18938166406
1.5135833025
4.18938166406
1.51366853714
4.18938166406
1.51733291149
4.18938166406
1.51351153851
4.18938166406
1.51297545433
4.18938166406
1.51274573803
4.18938166406
1.51474690437
4.18938166406
1.51441264153
4.18938166406
1.53924798965
4.74509074881
1.51326692104
4.74509074881
1.51325285435
4.74509074881
1.51388931274
4.74509074881
1.51465272903
4.74509074881
1.53737151623
4.74509074881
1.56641876698
4.74509074881
1.56567502022
4.74509074881
1.54097568989
4.74509074881
1.54135119915
4.74509074881
1.54094409943
4.74509074881
1.56654596329
4.74509074881
1.56649780273
4.74509074881
1.5655413866
4.74509074881
1.58846211433
4.74509074881
1.566375494
4.74509074881
1.56255233288
4.74509074881
1.56334674358
4.74509074881
1.56229329109
4.74509074881
1.58702731133
4.74509074881
1.5869204998
4.74509074881
1.56229889393
4.74509074881
1.56168186665
4.74509074881
1.58615744114
4.74509074881
1.58733034134
4.74509074881
1.58715820312
1.06671785147
1.56252813339
1.06671785147
1.56256484985
1.06671785147
1.5624986887
1.06671785147
1.48890149593
1.06671785147
1.44006168842
1.06671785147
1.39146983624
1.06671785147
1.31890082359
1.06671785147
1.24544262886
1.06671785147
1.17152035236
1.06671785147
1.07396352291
1.06671785147
1.02499485016
1.06671785147
0.951943933964
1.06671785147
0.879096567631
1.06671785147
0.829914450645
1.06671785147
0.781374156475
1.06671785147
0.756251215935
1.06671785147
0.756601512432
1.06671785147
0.732304096222
1.06671785147
0.683444559574
1.06671785147
0.707820236683
1.06671785147
0.683103621006
1.06671785147
0.658843278885
1.06671785147
0.658767640591
1.06671785147
0.683479368687
1.06671785147
0.659129142761
1.98430226995
0.659555852413
1.98430226995
0.659174025059
1.98430226995
0.683651983738
1.98430226995
0.73181450367
1.98430226995
0.756957471371
1.98430226995
0.781029224396
1.98430226995
0.82978785038
1.98430226995
0.878683269024
1.98430226995
0.928042590618
1.98430226995
0.976633667946
1.98430226995
1.00302374363
1.98430226995
1.07589292526
1.98430226995
1.07756054401
1.98430226995
1.07988774776
1.98430226995
1.10552537441
1.98430226995
1.13290536404
1.98430226995
1.1344127655
1.98430226995
1.16215145588
1.98430226995
1.13885736465
1.98430226995
1.14055252075
1.98430226995
1.16534328461
1.98430226995
1.1432287693
1.98430226995
1.14341139793
1.98430226995
1.16757595539
1.98430226995
1.16638994217
1.52051301374
1.13983941078
1.52051301374
1.18668758869
1.52051301374
1.13393235207
1.52051301374
1.13263678551
1.52051301374
1.13103151321
1.52051301374
1.10440886021
1.52051301374
1.07805037498
1.52051301374
1.07618319988
1.52051301374
1.04976594448
1.52051301374
1.02522003651
1.52051301374
1.02474975586
1.52051301374
0.976556479931
1.52051301374
0.976547300816
1.52051301374
0.976556718349
1.52051301374
0.976664364338
1.52051301374
0.976534307003
1.52051301374
0.976499915123
1.52051301374
0.976025104523
1.52051301374
0.97708684206
1.52051301374
0.975949347019
1.52051301374
0.976912260056
1.52051301374
0.976644814014
1.52051301374
0.97722107172
1.52051301374
0.976147770882
1.52051301374
0.975821614265
4.97882820052
0.952000558376
4.97882820052
0.976656138897
4.97882820052
1.02579963207
4.97882820052
1.07399117947
4.97882820052
1.12338507175
4.97882820052
1.19495785236
4.97882820052
1.24359726906
4.97882820052
1.31771063805
4.97882820052
1.36719870567
4.97882820052
1.44081687927
4.97882820052
1.53790843487
4.97882820052
1.56177937984
4.97882820052
1.56222701073
4.97882820052
1.5867433548
4.97882820052
1.61084568501
4.97882820052
1.58754336834
4.97882820052
1.61211824417
4.97882820052
1.61118066311
4.97882820052
1.61086797714
4.97882820052
1.58321940899
4.97882820052
1.58668684959
4.97882820052
1.61195278168
4.97882820052
1.61159265041
4.97882820052
1.5873260498
4.97882820052
1.58720326424
4.29330926122
1.58736848831
4.29330926122
1.58775019646
4.29330926122
1.56325984001
4.29330926122
1.58724534512
4.29330926122
1.59319877625
4.29330926122
1.56555616856
4.29330926122
1.56519126892
4.29330926122
1.56512570381
4.29330926122
1.56506609917
4.29330926122
1.56546676159
4.29330926122
1.56496334076
4.29330926122
1.54039204121
4.29330926122
1.5645493269
4.29330926122
1.54081785679
4.29330926122
1.53770959377
4.29330926122
1.53768050671
4.29330926122
1.51321196556
4.29330926122
1.53753352165
4.29330926122
1.53767752647
4.29330926122
1.53719973564
4.29330926122
1.53679358959
4.29330926122
1.53755247593
4.29330926122
1.51346492767
4.29330926122
1.53790688515
4.29330926122
1.53803396225
3.77129969273
1.53772068024
3.77129969273
1.56220650673
3.77129969273
1.5379627943
3.77129969273
1.53771269321
3.77129969273
1.51377797127
3.77129969273
1.51427507401
3.77129969273
1.51343905926
3.77129969273
1.5129711628
3.77129969273
1.48867940903
3.77129969273
1.48838102818
3.77129969273
1.51330780983
3.77129969273
1.48868966103
3.77129969273
1.48859012127
3.77129969273
1.48864877224
3.77129969273
1.48883163929
3.77129969273
1.48895680904
3.77129969273
1.51369571686
3.77129969273
1.51392185688
3.77129969273
1.51352119446
3.77129969273
1.51431894302
3.77129969273
1.48924517632
3.77129969273
1.48846387863
3.77129969273
1.48836088181
3.77129969273
1.48841261864
3.77129969273
1.48813474178
0.876564914041
1.48837792873
0.876564914041
1.46354711056
0.876564914041
1.41469454765
0.876564914041
1.39090979099
0.876564914041
1.34181153774
0.876564914041
1.29292845726
0.876564914041
1.220744133
0.876564914041
1.1478215456
0.876564914041
1.0743701458
0.876564914041
1.00148761272
0.876564914041
0.927726089954
0.876564914041
0.830171644688
0.876564914041
0.781692326069
0.876564914041
0.708010435104
0.876564914041
0.659271895885
0.876564914041
0.610675692558
0.876564914041
0.610375761986
0.876564914041
0.585905849934
0.876564914041
0.561665117741
0.876564914041
0.561240017414
0.876564914041
0.537202775478
0.876564914041
0.537044584751
0.876564914041
0.536979973316
0.876564914041
0.536999583244
0.876564914041
0.536865472794
6.82465210589
0.536900043488
6.82465210589
0.561431586742
6.82465210589
0.658557772636
6.82465210589
0.756603419781
6.82465210589
0.854094088078
6.82465210589
0.97662115097
6.82465210589
1.09874367714
6.82465210589
1.22060966492
6.82465210589
1.34271836281
6.82465210589
1.46444368362
6.82465210589
1.58680701256
6.82465210589
1.66008555889
6.82465210589
1.68418943882
6.82465210589
1.7089164257
6.82465210589
1.6841892004
6.82465210589
1.70994770527
6.82465210589
1.68592500687
6.82465210589
1.71044385433
6.82465210589
1.6857970953
6.82465210589
1.71039938927
6.82465210589
1.68576014042
6.82465210589
1.68466520309
6.82465210589
1.68532085419
6.82465210589
1.68479454517
6.82465210589
1.70986366272
5.61286043891
1.68363201618
5.61286043891
1.70745372772
5.61286043891
1.65979993343
5.61286043891
1.70764791965
5.61286043891
1.65972340107
5.61286043891
1.68419873714
5.61286043891
1.68491721153
5.61286043891
1.66343295574
5.61286043891
1.66324353218
5.61286043891
1.66327309608
5.61286043891
1.66312789917
5.61286043891
1.66335439682
5.61286043891
1.66179013252
5.61286043891
1.63871383667
5.61286043891
1.66573524475
5.61286043891
1.64082682133
5.61286043891
1.66958653927
5.61286043891
1.66673910618
5.61286043891
1.64225685596
5.61286043891
1.6424151659
5.61286043891
1.6416208744
5.61286043891
1.64165151119
5.61286043891
1.66704976559
5.61286043891
1.64208066463
5.61286043891
1.63935387135
6.63294798826
1.66403925419
6.63294798826
1.61091315746
6.63294798826
1.65965723991
6.63294798826
1.65916240215
6.63294798826
1.67984437943
6.63294798826
1.65619707108
6.63294798826
1.65643668175
6.63294798826
1.65519285202
6.63294798826
1.68013632298
6.63294798826
1.68007564545
6.63294798826
1.67984926701
6.63294798826
1.70419418812
6.63294798826
1.65566980839
6.63294798826
1.70578801632
6.63294798826
1.66394615173
6.63294798826
1.68785810471
6.63294798826
1.6880531311
6.63294798826
1.68854701519
6.63294798826
1.68753492832
6.63294798826
1.68678474426
6.63294798826
1.68683671951
6.63294798826
1.68758273125
6.63294798826
1.71270537376
6.63294798826
1.68774962425
6.63294798826
1.70872974396
0.8
1.70869517326
0.8
1.70845711231
0.8
1.65972089767
0.8
1.61226165295
0.8
1.53916931152
0.8
1.46577870846
0.8
1.39232861996
0.8
1.29383838177
0.8
1.19593977928
0.8
1.09851312637
0.8
1.00120592117
0.8
0.878923416138
0.8
0.805913031101
0.8
0.755782723427
0.8
0.70738941431
0.8
0.65912091732
0.8
0.610110640526
0.8
0.585658371449
0.8
0.56130862236
0.8
0.536703705788
0.8
0.512454092503
0.8
0.488010436296
0.8
0.487952798605
0.8
0.464345306158
0.8
0.464004963636
1.53120337166
0.463730961084
1.53120337166
0.463651627302
1.53120337166
0.488182723522
1.53120337166
0.512426137924
1.53120337166
0.536928057671
1.53120337166
0.561256170273
1.53120337166
0.634606182575
1.53120337166
0.683373272419
1.53120337166
0.732323884964
1.53120337166
0.756696820259
1.53120337166
0.781143069267
1.53120337166
0.830134868622
1.53120337166
0.854366838932
1.53120337166
0.879131793976
1.53120337166
0.903208255768
1.53120337166
0.927658319473
1.53120337166
0.927759110928
1.53120337166
0.927491009235
1.53120337166
0.927955269814
1.53120337166
0.951867341995
1.53120337166
0.976597368717
1.53120337166
0.952238917351
1.53120337166
0.953846812248
1.53120337166
0.953716039658
1.53120337166
0.954145014286
3.12468155077
0.953940868378
3.12468155077
0.978083610535
3.12468155077
0.978432118893
3.12468155077
1.02694785595
3.12468155077
1.05130147934
3.12468155077
1.07608687878
3.12468155077
1.14933526516
3.12468155077
1.19645810127
3.12468155077
1.24805235863
3.12468155077
1.29927909374
3.12468155077
1.35072398186
3.12468155077
1.350892663
3.12468155077
1.40250611305
3.12468155077
1.40214180946
3.12468155077
1.40498733521
3.12468155077
1.58006691933
3.12468155077
1.55809009075
3.12468155077
1.55774354935
3.12468155077
1.55759525299
3.12468155077
1.5577892065
3.12468155077
1.55703568459
3.12468155077
1.5570846796
3.12468155077
1.55414116383
3.12468155077
1.55446839333
3.12468155077
1.55221891403
3.86685617176
1.40072369576
3.86685617176
1.42277789116
3.86685617176
1.42293524742
3.86685617176
1.42035734653
3.86685617176
1.41769778728
3.86685617176
1.41592907906
3.86685617176
1.46493923664
3.86685617176
1.46493577957
3.86685617176
1.46577346325
3.86685617176
1.51460027695
3.86685617176
1.51404929161
3.86685617176
1.51672840118
3.86685617176
1.51913297176
3.86685617176
1.52252793312
3.86685617176
1.52225792408
3.86685617176
1.52234971523
3.86685617176
1.52209663391
3.86685617176
1.52188491821
3.86685617176
1.54527258873
3.86685617176
1.52085316181
3.86685617176
1.49900722504
3.86685617176
1.52115440369
3.86685617176
1.52160727978
3.86685617176
1.51851844788
3.86685617176
1.51743161678
6.30046834568
1.51726222038
6.30046834568
1.51777815819
6.30046834568
1.54229676723
6.30046834568
1.51786148548
6.30046834568
1.56658864021
6.30046834568
1.58997523785
6.30046834568
1.61355996132
6.30046834568
1.6114654541
6.30046834568
1.65605068207
6.30046834568
1.65746712685
6.30046834568
1.70974695683
6.30046834568
1.68796277046
6.30046834568
1.68758416176
6.30046834568
1.71566128731
6.30046834568
1.69131577015
6.30046834568
1.71465289593
6.30046834568
1.69017112255
6.30046834568
1.71377110481
6.30046834568
1.69699466228
6.30046834568
1.72436511517
6.30046834568
1.70000422001
6.30046834568
1.72502481937
6.30046834568
1.7289596796
6.30046834568
1.72542130947
6.30046834568
1.6983076334
3.34750430293
1.72639942169
3.34750430293
1.70191967487
3.34750430293
1.70227074623
3.34750430293
1.67405235767
3.34750430293
1.6494153738
3.34750430293
1.62417244911
3.34750430293
1.5961509943
3.34750430293
1.57100641727
3.34750430293
1.57412004471
3.34750430293
1.55011641979
3.34750430293
1.52216529846
3.34750430293
1.52274215221
3.34750430293
1.4762223959
3.34750430293
1.47622668743
3.34750430293
1.49794495106
3.34750430293
1.47324728966
3.34750430293
1.49667465687
3.34750430293
1.49397087097
3.34750430293
1.44188320637
3.34750430293
1.4685305357
3.34750430293
1.44411122799
3.34750430293
1.44475913048
3.34750430293
1.49175858498
3.34750430293
1.4918358326
3.34750430293
1.44284200668
5.75686323596
1.4648784399
5.75686323596
1.44097650051
5.75686323596
1.46595489979
5.75686323596
1.48986232281
5.75686323596
1.53962600231
5.75686323596
1.53941392899
5.75686323596
1.56326389313
5.75686323596
1.56261706352
5.75686323596
1.5862313509
5.75686323596
1.63546073437
5.75686323596
1.65978395939
5.75686323596
1.68507874012
5.75686323596
1.66034603119
5.75686323596
1.68495798111
5.75686323596
1.65988171101
5.75686323596
1.68462049961
5.75686323596
1.68475079536
5.75686323596
1.66049957275
5.75686323596
1.6611866951
5.75686323596
1.66093373299
5.75686323596
1.66089200974
5.75686323596
1.66057252884
5.75686323596
1.66032588482
5.75686323596
1.68511724472
5.75686323596
1.66045951843
2.31401430519
1.6603012085
2.31401430519
1.6600509882
2.31401430519
1.65990436077
2.31401430519
1.63555896282
2.31401430519
1.58663141727
2.31401430519
1.53803765774
2.31401430519
1.51346683502
2.31401430519
1.48890256882
2.31401430519
1.41562843323
2.31401430519
1.41597783566
2.31401430519
1.36708629131
2.31401430519
1.31822359562
2.31401430519
1.31824195385
2.31401430519
1.26901638508
2.31401430519
1.29398190975
2.31401430519
1.29388654232
2.31401430519
1.26943790913
2.31401430519
1.29418575764
2.31401430519
1.29399001598
2.31401430519
1.26943612099
2.31401430519
1.26938164234
2.31401430519
1.26898109913
2.31401430519
1.26923799515
2.31401430519
1.29429256916
2.31401430519
1.26890325546
4.41160643331
1.29375898838
4.41160643331
1.29352033138
4.41160643331
1.29378855228
4.41160643331
1.3180706501
4.41160643331
1.34298884869
4.41160643331
1.39165699482
4.41160643331
1.41568446159
4.41160643331
1.43997728825
4.41160643331
1.48879766464
4.41160643331
1.51433873177
4.41160643331
1.51381731033
4.41160643331
1.53887069225
4.41160643331
1.56319129467
4.41160643331
1.58785307407
4.41160643331
1.58722412586
4.41160643331
1.56302452087
4.41160643331
1.58783125877
4.41160643331
1.56373298168
4.41160643331
1.56350553036
4.41160643331
1.5627310276
4.41160643331
1.58636677265
4.41160643331
1.58642947674
4.41160643331
1.58998668194
4.41160643331
1.56536507607
4.41160643331
1.58965933323
6.10508207259
1.58949708939
6.10508207259
1.59384691715
6.10508207259
1.59644377232
6.10508207259
1.59627723694
6.10508207259
1.61975872517
6.10508207259
1.62145459652
6.10508207259
1.64550125599
6.10508207259
1.64183247089
6.10508207259
1.66532099247
6.10508207259
1.64125013351
6.10508207259
1.68948984146
6.10508207259
1.66172742844
6.10508207259
1.70787107944
6.10508207259
1.684202075
6.10508207259
1.68519508839
6.10508207259
1.68391573429
6.10508207259
1.65933334827
6.10508207259
1.68434238434
6.10508207259
1.66105949879
6.10508207259
1.70996320248
6.10508207259
1.6620247364
6.10508207259
1.6851695776
6.10508207259
1.66097831726
6.10508207259
1.68486094475
6.10508207259
1.68490278721
1.97448030968
1.66097187996
1.97448030968
1.68496417999
1.97448030968
1.63515913486
1.97448030968
1.63528013229
1.97448030968
1.56220424175
1.97448030968
1.5622112751
1.97448030968
1.48922562599
1.97448030968
1.46484959126
1.97448030968
1.39143621922
1.97448030968
1.36706244946
1.97448030968
1.318166852
1.97448030968
1.27011299133
1.97448030968
1.24591052532
1.97448030968
1.22104489803
1.97448030968
1.22066783905
1.97448030968
1.17171061039
1.97448030968
1.22370970249
1.97448030968
1.17647516727
1.97448030968
1.20081269741
1.97448030968
1.17629659176
1.97448030968
1.17617022991
1.97448030968
1.17822253704
1.97448030968
1.18051111698
1.97448030968
1.18073093891
1.97448030968
1.18079447746
4.83589542019
1.18089449406
4.83589542019
1.17812609673
4.83589542019
1.2244477272
4.83589542019
1.24917209148
4.83589542019
1.29824697971
4.83589542019
1.37204420567
4.83589542019
1.39309298992
4.83589542019
1.41537725925
4.83589542019
1.4634770155
4.83589542019
1.51302683353
4.83589542019
1.56133925915
4.83589542019
1.6108250618
4.83589542019
1.61128532887
4.83589542019
1.6107531786
4.83589542019
1.6106967926
4.83589542019
1.61057305336
4.83589542019
1.6115115881
4.83589542019
1.63591587543
4.83589542019
1.63724291325
4.83589542019
1.6121673584
4.83589542019
1.63734710217
4.83589542019
1.61193597317
4.83589542019
1.61202073097
4.83589542019
1.61243093014
4.83589542019
1.6123623848
3.46706963225
1.6121827364
3.46706963225
1.61248123646
3.46706963225
1.58774673939
3.46706963225
1.58709442616
3.46706963225
1.58708739281
3.46706963225
1.56247413158
3.46706963225
1.53828203678
3.46706963225
1.53718113899
3.46706963225
1.5613899231
3.46706963225
1.53710329533
3.46706963225
1.51303958893
3.46706963225
1.51287436485
3.46706963225
1.51313114166
3.46706963225
1.48869073391
3.46706963225
1.48871004581
3.46706963225
1.488494277
3.46706963225
1.48838031292
3.46706963225
1.4892539978
3.46706963225
1.46528494358
3.46706963225
1.46508336067
3.46706963225
1.46455395222
3.46706963225
1.46461987495
3.46706963225
1.46474158764
3.46706963225
1.46491825581
3.46706963225
1.46430242062
6.6004715426
1.46486032009
6.6004715426
1.46512413025
6.6004715426
1.51421189308
6.6004715426
1.51376712322
6.6004715426
1.56257414818
6.6004715426
1.58691871166
6.6004715426
1.61150538921
6.6004715426
1.61140990257
6.6004715426
1.6599214077
6.6004715426
1.68474805355
6.6004715426
1.70907962322
6.6004715426
1.73321151733
6.6004715426
1.70826029778
6.6004715426
1.73261380196
6.6004715426
1.70880270004
6.6004715426
1.73337733746
6.6004715426
1.70865809917
6.6004715426
1.73312699795
6.6004715426
1.70906305313
6.6004715426
1.70921015739
6.6004715426
1.70820629597
6.6004715426
1.73289740086
6.6004715426
1.70938932896
6.6004715426
1.73323690891
6.6004715426
1.70875680447
3.65971916763
1.68418312073
3.65971916763
1.70872187614
3.65971916763
1.68441772461
3.65971916763
1.68483483791
3.65971916763
1.66074860096
3.65971916763
1.63662517071
3.65971916763
1.61247587204
3.65971916763
1.61205983162
3.65971916763
1.56372249126
3.65971916763
1.56273794174
3.65971916763
1.53936374187
3.65971916763
1.51482856274
3.65971916763
1.51376533508
3.65971916763
1.51366984844
3.65971916763
1.51299750805
3.65971916763
1.53824973106
3.65971916763
1.51385676861
3.65971916763
1.51281738281
3.65971916763
1.51039481163
3.65971916763
1.51095116138
3.65971916763
1.5100389719
3.65971916763
1.51005399227
3.65971916763
1.51064062119
3.65971916763
1.48994600773
3.65971916763
1.48986232281
2.10165068785
1.46516263485
2.10165068785
1.46478974819
2.10165068785
1.4647974968
2.10165068785
1.46788299084
2.10165068785
1.46819579601
2.10165068785
1.41938889027
2.10165068785
1.41955840588
2.10165068785
1.39547288418
2.10165068785
1.36680817604
2.10165068785
1.34295380116
2.10165068785
1.31828260422
2.10165068785
1.31804871559
2.10165068785
1.27028095722
2.10165068785
1.26980161667
2.10165068785
1.22033727169
2.10165068785
1.24517953396
2.10165068785
1.22034239769
2.10165068785
1.24483168125
